/*--------------------------------*- C++ -*----------------------------------*\
| =========                 |                                                 |
| \\      /  F ield         | OpenFOAM: The Open Source CFD Toolbox           |
|  \\    /   O peration     | Version:  2406                                  |
|   \\  /    A nd           | Website:  www.openfoam.com                      |
|    \\/     M anipulation  |                                                 |
\*---------------------------------------------------------------------------*/
FoamFile
{
    version     2.0;
    format      ascii;
    arch        "LSB;label=32;scalar=64";
    note        "nPoints:4248  nCells:2022  nFaces:8189  nInternalFaces:3943";
    class       labelList;
    location    "constant/polyMesh";
    object      neighbour;
}
// * * * * * * * * * * * * * * * * * * * * * * * * * * * * * * * * * * * * * //


3943
(
1
18
2
19
3
20
4
21
5
22
6
23
7
24
8
25
9
26
10
27
11
28
12
29
13
30
14
31
15
32
16
33
17
34
35
1242
19
36
20
37
21
38
22
39
23
40
24
41
25
42
26
43
27
44
28
45
29
46
30
47
31
48
32
49
33
50
34
51
35
52
53
1268
37
54
38
55
39
56
40
57
41
58
42
59
43
60
44
61
45
62
46
63
47
64
48
65
49
66
50
67
51
68
52
69
53
70
71
1294
55
72
56
73
57
74
58
75
59
76
60
77
61
78
62
79
63
80
64
81
65
82
66
83
67
84
68
85
69
86
70
87
71
88
89
1320
73
90
74
91
75
92
76
93
77
94
78
95
79
96
80
97
81
98
82
99
83
100
84
101
85
102
86
103
87
104
88
105
89
106
107
1346
91
108
92
109
93
110
94
111
95
112
96
113
97
114
98
115
99
116
100
117
101
118
102
119
103
120
104
121
105
122
106
123
107
124
125
1372
109
126
110
127
111
128
112
129
113
130
114
131
115
132
116
133
117
134
118
135
119
136
120
137
121
138
122
139
123
140
124
141
125
142
143
1398
127
144
128
145
129
146
130
147
131
148
132
149
133
150
134
151
135
152
136
153
137
154
138
155
139
156
140
157
141
158
142
159
143
160
161
1424
145
162
146
163
147
164
148
165
149
166
150
167
151
168
152
169
153
170
154
171
155
172
156
173
157
174
158
175
159
176
160
177
161
178
179
1450
163
180
164
181
165
182
166
183
167
184
168
185
169
186
170
187
171
188
172
189
173
190
174
191
175
192
176
193
177
194
178
195
179
196
197
1476
181
198
182
199
183
200
184
201
185
202
186
203
187
204
188
205
189
206
190
207
191
208
192
209
193
210
194
211
195
212
196
213
197
214
215
1502
199
216
200
217
201
218
202
219
203
220
204
221
205
222
206
223
207
224
208
225
209
226
210
227
211
228
212
229
213
230
214
231
215
232
233
1528
217
234
218
235
219
236
220
237
221
238
222
239
223
240
224
241
225
242
226
243
227
244
228
245
229
246
230
247
231
248
232
249
233
250
251
1554
235
252
236
253
237
254
238
255
239
256
240
257
241
258
242
259
243
260
244
261
245
262
246
263
247
264
248
265
249
266
250
267
251
268
269
1580
253
270
254
271
255
272
256
273
257
274
258
275
259
276
260
277
261
278
262
279
263
280
264
281
265
282
266
283
267
284
268
285
269
286
287
1606
271
288
272
289
273
290
274
291
275
292
276
293
277
294
278
295
279
296
280
297
281
298
282
299
283
300
284
301
285
302
286
303
287
304
305
1632
289
306
290
307
291
308
292
309
293
310
294
311
295
312
296
313
297
314
298
315
299
316
300
317
301
318
302
319
303
320
304
321
305
322
323
1658
307
324
308
325
309
326
310
327
311
328
312
329
313
330
314
331
315
332
316
333
317
334
318
335
319
336
320
337
321
338
322
339
323
340
341
1684
325
342
326
343
327
344
328
345
329
346
330
347
331
348
332
349
333
350
334
351
335
352
336
353
337
354
338
355
339
356
340
357
341
358
359
1710
343
360
344
361
345
362
346
363
347
364
348
365
349
366
350
367
351
368
352
369
353
370
354
371
355
372
356
373
357
374
358
375
359
376
377
1736
361
378
362
379
363
380
364
381
365
382
366
383
367
384
368
385
369
386
370
387
371
388
372
389
373
390
374
391
375
392
376
393
377
394
395
1762
379
396
380
397
381
398
382
399
383
400
384
401
385
402
386
403
387
404
388
405
389
406
390
407
391
408
392
409
393
410
394
411
395
412
413
1788
397
414
398
415
399
416
400
417
401
418
402
419
403
420
404
421
405
422
406
423
407
424
408
425
409
426
410
427
411
428
412
429
413
430
431
1814
415
432
416
433
417
434
418
435
419
436
420
437
421
438
422
439
423
440
424
441
425
442
426
443
427
444
428
445
429
446
430
447
431
448
449
1840
433
450
434
451
435
452
436
453
437
454
438
455
439
456
440
457
441
458
442
459
443
460
444
461
445
462
446
463
447
464
448
465
449
466
467
1866
451
468
452
469
453
470
454
471
455
472
456
473
457
474
458
475
459
476
460
477
461
478
462
479
463
480
464
481
465
482
466
483
467
484
485
1892
469
486
470
487
471
488
472
489
473
490
474
491
475
492
476
493
477
494
478
495
479
496
480
497
481
498
482
499
483
500
484
501
485
502
503
1918
487
504
488
505
489
506
490
507
491
508
492
509
493
510
494
511
495
512
496
513
497
514
498
515
499
516
500
517
501
518
502
519
503
520
521
1944
505
522
506
523
507
524
508
525
509
526
510
527
511
528
512
529
513
530
514
531
515
532
516
533
517
534
518
535
519
536
520
537
521
538
539
1970
523
524
525
526
527
528
529
530
531
532
533
534
535
536
537
538
539
1996
541
566
542
567
543
568
544
569
545
570
546
571
547
572
548
573
549
574
550
575
551
576
552
577
553
578
554
579
555
580
556
581
557
582
558
583
559
584
560
585
561
586
562
587
563
588
564
589
565
590
591
567
592
568
593
569
594
570
595
571
596
572
597
573
598
574
599
575
600
576
601
577
602
578
603
579
604
580
605
581
606
582
607
583
608
584
609
585
610
586
611
587
612
588
613
589
614
590
615
591
616
617
593
618
594
619
595
620
596
621
597
622
598
623
599
624
600
625
601
626
602
627
603
628
604
629
605
630
606
631
607
632
608
633
609
634
610
635
611
636
612
637
613
638
614
639
615
640
616
641
617
642
643
619
644
620
645
621
646
622
647
623
648
624
649
625
650
626
651
627
652
628
653
629
654
630
655
631
656
632
657
633
658
634
659
635
660
636
661
637
662
638
663
639
664
640
665
641
666
642
667
643
668
669
645
670
646
671
647
672
648
673
649
674
650
675
651
676
652
677
653
678
654
679
655
680
656
681
657
682
658
683
659
684
660
685
661
686
662
687
663
688
664
689
665
690
666
691
667
692
668
693
669
694
695
671
696
672
697
673
698
674
699
675
700
676
701
677
702
678
703
679
704
680
705
681
706
682
707
683
708
684
709
685
710
686
711
687
712
688
713
689
714
690
715
691
716
692
717
693
718
694
719
695
720
721
697
722
698
723
699
724
700
725
701
726
702
727
703
728
704
729
705
730
706
731
707
732
708
733
709
734
710
735
711
736
712
737
713
738
714
739
715
740
716
741
717
742
718
743
719
744
720
745
721
746
747
723
748
724
749
725
750
726
751
727
752
728
753
729
754
730
755
731
756
732
757
733
758
734
759
735
760
736
761
737
762
738
763
739
764
740
765
741
766
742
767
743
768
744
769
745
770
746
771
747
772
773
749
774
750
775
751
776
752
777
753
778
754
779
755
780
756
781
757
782
758
783
759
784
760
785
761
786
762
787
763
788
764
789
765
790
766
791
767
792
768
793
769
794
770
795
771
796
772
797
773
798
799
775
800
776
801
777
802
778
803
779
804
780
805
781
806
782
807
783
808
784
809
785
810
786
811
787
812
788
813
789
814
790
815
791
816
792
817
793
818
794
819
795
820
796
821
797
822
798
823
799
824
825
801
826
802
827
803
828
804
829
805
830
806
831
807
832
808
833
809
834
810
835
811
836
812
837
813
838
814
839
815
840
816
841
817
842
818
843
819
844
820
845
821
846
822
847
823
848
824
849
825
850
851
827
852
828
853
829
854
830
855
831
856
832
857
833
858
834
859
835
860
836
861
837
862
838
863
839
864
840
865
841
866
842
867
843
868
844
869
845
870
846
871
847
872
848
873
849
874
850
875
851
876
877
853
878
854
879
855
880
856
881
857
882
858
883
859
884
860
885
861
886
862
887
863
888
864
889
865
890
866
891
867
892
868
893
869
894
870
895
871
896
872
897
873
898
874
899
875
900
876
901
877
902
903
879
904
880
905
881
906
882
907
883
908
884
909
885
910
886
911
887
912
888
913
889
914
890
915
891
916
892
917
893
918
894
919
895
920
896
921
897
922
898
923
899
924
900
925
901
926
902
927
903
928
929
905
930
906
931
907
932
908
933
909
934
910
935
911
936
912
937
913
938
914
939
915
940
916
941
917
942
918
943
919
944
920
945
921
946
922
947
923
948
924
949
925
950
926
951
927
952
928
953
929
954
955
931
956
932
957
933
958
934
959
935
960
936
961
937
962
938
963
939
964
940
965
941
966
942
967
943
968
944
969
945
970
946
971
947
972
948
973
949
974
950
975
951
976
952
977
953
978
954
979
955
980
981
957
982
958
983
959
984
960
985
961
986
962
987
963
988
964
989
965
990
966
991
967
992
968
993
969
994
970
995
971
996
972
997
973
998
974
999
975
1000
976
1001
977
1002
978
1003
979
1004
980
1005
981
1006
1007
983
1008
984
1009
985
1010
986
1011
987
1012
988
1013
989
1014
990
1015
991
1016
992
1017
993
1018
994
1019
995
1020
996
1021
997
1022
998
1023
999
1024
1000
1025
1001
1026
1002
1027
1003
1028
1004
1029
1005
1030
1006
1031
1007
1032
1033
1009
1034
1010
1035
1011
1036
1012
1037
1013
1038
1014
1039
1015
1040
1016
1041
1017
1042
1018
1043
1019
1044
1020
1045
1021
1046
1022
1047
1023
1048
1024
1049
1025
1050
1026
1051
1027
1052
1028
1053
1029
1054
1030
1055
1031
1056
1032
1057
1033
1058
1059
1035
1060
1036
1061
1037
1062
1038
1063
1039
1064
1040
1065
1041
1066
1042
1067
1043
1068
1044
1069
1045
1070
1046
1071
1047
1072
1048
1073
1049
1074
1050
1075
1051
1076
1052
1077
1053
1078
1054
1079
1055
1080
1056
1081
1057
1082
1058
1083
1059
1084
1085
1061
1086
1062
1087
1063
1088
1064
1089
1065
1090
1066
1091
1067
1092
1068
1093
1069
1094
1070
1095
1071
1096
1072
1097
1073
1098
1074
1099
1075
1100
1076
1101
1077
1102
1078
1103
1079
1104
1080
1105
1081
1106
1082
1107
1083
1108
1084
1109
1085
1110
1111
1087
1112
1088
1113
1089
1114
1090
1115
1091
1116
1092
1117
1093
1118
1094
1119
1095
1120
1096
1121
1097
1122
1098
1123
1099
1124
1100
1125
1101
1126
1102
1127
1103
1128
1104
1129
1105
1130
1106
1131
1107
1132
1108
1133
1109
1134
1110
1135
1111
1136
1137
1113
1138
1114
1139
1115
1140
1116
1141
1117
1142
1118
1143
1119
1144
1120
1145
1121
1146
1122
1147
1123
1148
1124
1149
1125
1150
1126
1151
1127
1152
1128
1153
1129
1154
1130
1155
1131
1156
1132
1157
1133
1158
1134
1159
1135
1160
1136
1161
1137
1162
1163
1139
1164
1140
1165
1141
1166
1142
1167
1143
1168
1144
1169
1145
1170
1146
1171
1147
1172
1148
1173
1149
1174
1150
1175
1151
1176
1152
1177
1153
1178
1154
1179
1155
1180
1156
1181
1157
1182
1158
1183
1159
1184
1160
1185
1161
1186
1162
1187
1163
1188
1189
1165
1190
1166
1191
1167
1192
1168
1193
1169
1194
1170
1195
1171
1196
1172
1197
1173
1198
1174
1199
1175
1200
1176
1201
1177
1202
1178
1203
1179
1204
1180
1205
1181
1206
1182
1207
1183
1208
1184
1209
1185
1210
1186
1211
1187
1212
1188
1213
1189
1214
1215
1191
1216
1192
1217
1193
1218
1194
1219
1195
1220
1196
1221
1197
1222
1198
1223
1199
1224
1200
1225
1201
1226
1202
1227
1203
1228
1204
1229
1205
1230
1206
1231
1207
1232
1208
1233
1209
1234
1210
1235
1211
1236
1212
1237
1213
1238
1214
1239
1215
1240
1241
1217
1242
1218
1243
1219
1244
1220
1245
1221
1246
1222
1247
1223
1248
1224
1249
1225
1250
1226
1251
1227
1252
1228
1253
1229
1254
1230
1255
1231
1256
1232
1257
1233
1258
1234
1259
1235
1260
1236
1261
1237
1262
1238
1263
1239
1264
1240
1265
1241
1266
1267
1243
1268
1244
1269
1245
1270
1246
1271
1247
1272
1248
1273
1249
1274
1250
1275
1251
1276
1252
1277
1253
1278
1254
1279
1255
1280
1256
1281
1257
1282
1258
1283
1259
1284
1260
1285
1261
1286
1262
1287
1263
1288
1264
1289
1265
1290
1266
1291
1267
1292
1293
1269
1294
1270
1295
1271
1296
1272
1297
1273
1298
1274
1299
1275
1300
1276
1301
1277
1302
1278
1303
1279
1304
1280
1305
1281
1306
1282
1307
1283
1308
1284
1309
1285
1310
1286
1311
1287
1312
1288
1313
1289
1314
1290
1315
1291
1316
1292
1317
1293
1318
1319
1295
1320
1296
1321
1297
1322
1298
1323
1299
1324
1300
1325
1301
1326
1302
1327
1303
1328
1304
1329
1305
1330
1306
1331
1307
1332
1308
1333
1309
1334
1310
1335
1311
1336
1312
1337
1313
1338
1314
1339
1315
1340
1316
1341
1317
1342
1318
1343
1319
1344
1345
1321
1346
1322
1347
1323
1348
1324
1349
1325
1350
1326
1351
1327
1352
1328
1353
1329
1354
1330
1355
1331
1356
1332
1357
1333
1358
1334
1359
1335
1360
1336
1361
1337
1362
1338
1363
1339
1364
1340
1365
1341
1366
1342
1367
1343
1368
1344
1369
1345
1370
1371
1347
1372
1348
1373
1349
1374
1350
1375
1351
1376
1352
1377
1353
1378
1354
1379
1355
1380
1356
1381
1357
1382
1358
1383
1359
1384
1360
1385
1361
1386
1362
1387
1363
1388
1364
1389
1365
1390
1366
1391
1367
1392
1368
1393
1369
1394
1370
1395
1371
1396
1397
1373
1398
1374
1399
1375
1400
1376
1401
1377
1402
1378
1403
1379
1404
1380
1405
1381
1406
1382
1407
1383
1408
1384
1409
1385
1410
1386
1411
1387
1412
1388
1413
1389
1414
1390
1415
1391
1416
1392
1417
1393
1418
1394
1419
1395
1420
1396
1421
1397
1422
1423
1399
1424
1400
1425
1401
1426
1402
1427
1403
1428
1404
1429
1405
1430
1406
1431
1407
1432
1408
1433
1409
1434
1410
1435
1411
1436
1412
1437
1413
1438
1414
1439
1415
1440
1416
1441
1417
1442
1418
1443
1419
1444
1420
1445
1421
1446
1422
1447
1423
1448
1449
1425
1450
1426
1451
1427
1452
1428
1453
1429
1454
1430
1455
1431
1456
1432
1457
1433
1458
1434
1459
1435
1460
1436
1461
1437
1462
1438
1463
1439
1464
1440
1465
1441
1466
1442
1467
1443
1468
1444
1469
1445
1470
1446
1471
1447
1472
1448
1473
1449
1474
1475
1451
1476
1452
1477
1453
1478
1454
1479
1455
1480
1456
1481
1457
1482
1458
1483
1459
1484
1460
1485
1461
1486
1462
1487
1463
1488
1464
1489
1465
1490
1466
1491
1467
1492
1468
1493
1469
1494
1470
1495
1471
1496
1472
1497
1473
1498
1474
1499
1475
1500
1501
1477
1502
1478
1503
1479
1504
1480
1505
1481
1506
1482
1507
1483
1508
1484
1509
1485
1510
1486
1511
1487
1512
1488
1513
1489
1514
1490
1515
1491
1516
1492
1517
1493
1518
1494
1519
1495
1520
1496
1521
1497
1522
1498
1523
1499
1524
1500
1525
1501
1526
1527
1503
1528
1504
1529
1505
1530
1506
1531
1507
1532
1508
1533
1509
1534
1510
1535
1511
1536
1512
1537
1513
1538
1514
1539
1515
1540
1516
1541
1517
1542
1518
1543
1519
1544
1520
1545
1521
1546
1522
1547
1523
1548
1524
1549
1525
1550
1526
1551
1527
1552
1553
1529
1554
1530
1555
1531
1556
1532
1557
1533
1558
1534
1559
1535
1560
1536
1561
1537
1562
1538
1563
1539
1564
1540
1565
1541
1566
1542
1567
1543
1568
1544
1569
1545
1570
1546
1571
1547
1572
1548
1573
1549
1574
1550
1575
1551
1576
1552
1577
1553
1578
1579
1555
1580
1556
1581
1557
1582
1558
1583
1559
1584
1560
1585
1561
1586
1562
1587
1563
1588
1564
1589
1565
1590
1566
1591
1567
1592
1568
1593
1569
1594
1570
1595
1571
1596
1572
1597
1573
1598
1574
1599
1575
1600
1576
1601
1577
1602
1578
1603
1579
1604
1605
1581
1606
1582
1607
1583
1608
1584
1609
1585
1610
1586
1611
1587
1612
1588
1613
1589
1614
1590
1615
1591
1616
1592
1617
1593
1618
1594
1619
1595
1620
1596
1621
1597
1622
1598
1623
1599
1624
1600
1625
1601
1626
1602
1627
1603
1628
1604
1629
1605
1630
1631
1607
1632
1608
1633
1609
1634
1610
1635
1611
1636
1612
1637
1613
1638
1614
1639
1615
1640
1616
1641
1617
1642
1618
1643
1619
1644
1620
1645
1621
1646
1622
1647
1623
1648
1624
1649
1625
1650
1626
1651
1627
1652
1628
1653
1629
1654
1630
1655
1631
1656
1657
1633
1658
1634
1659
1635
1660
1636
1661
1637
1662
1638
1663
1639
1664
1640
1665
1641
1666
1642
1667
1643
1668
1644
1669
1645
1670
1646
1671
1647
1672
1648
1673
1649
1674
1650
1675
1651
1676
1652
1677
1653
1678
1654
1679
1655
1680
1656
1681
1657
1682
1683
1659
1684
1660
1685
1661
1686
1662
1687
1663
1688
1664
1689
1665
1690
1666
1691
1667
1692
1668
1693
1669
1694
1670
1695
1671
1696
1672
1697
1673
1698
1674
1699
1675
1700
1676
1701
1677
1702
1678
1703
1679
1704
1680
1705
1681
1706
1682
1707
1683
1708
1709
1685
1710
1686
1711
1687
1712
1688
1713
1689
1714
1690
1715
1691
1716
1692
1717
1693
1718
1694
1719
1695
1720
1696
1721
1697
1722
1698
1723
1699
1724
1700
1725
1701
1726
1702
1727
1703
1728
1704
1729
1705
1730
1706
1731
1707
1732
1708
1733
1709
1734
1735
1711
1736
1712
1737
1713
1738
1714
1739
1715
1740
1716
1741
1717
1742
1718
1743
1719
1744
1720
1745
1721
1746
1722
1747
1723
1748
1724
1749
1725
1750
1726
1751
1727
1752
1728
1753
1729
1754
1730
1755
1731
1756
1732
1757
1733
1758
1734
1759
1735
1760
1761
1737
1762
1738
1763
1739
1764
1740
1765
1741
1766
1742
1767
1743
1768
1744
1769
1745
1770
1746
1771
1747
1772
1748
1773
1749
1774
1750
1775
1751
1776
1752
1777
1753
1778
1754
1779
1755
1780
1756
1781
1757
1782
1758
1783
1759
1784
1760
1785
1761
1786
1787
1763
1788
1764
1789
1765
1790
1766
1791
1767
1792
1768
1793
1769
1794
1770
1795
1771
1796
1772
1797
1773
1798
1774
1799
1775
1800
1776
1801
1777
1802
1778
1803
1779
1804
1780
1805
1781
1806
1782
1807
1783
1808
1784
1809
1785
1810
1786
1811
1787
1812
1813
1789
1814
1790
1815
1791
1816
1792
1817
1793
1818
1794
1819
1795
1820
1796
1821
1797
1822
1798
1823
1799
1824
1800
1825
1801
1826
1802
1827
1803
1828
1804
1829
1805
1830
1806
1831
1807
1832
1808
1833
1809
1834
1810
1835
1811
1836
1812
1837
1813
1838
1839
1815
1840
1816
1841
1817
1842
1818
1843
1819
1844
1820
1845
1821
1846
1822
1847
1823
1848
1824
1849
1825
1850
1826
1851
1827
1852
1828
1853
1829
1854
1830
1855
1831
1856
1832
1857
1833
1858
1834
1859
1835
1860
1836
1861
1837
1862
1838
1863
1839
1864
1865
1841
1866
1842
1867
1843
1868
1844
1869
1845
1870
1846
1871
1847
1872
1848
1873
1849
1874
1850
1875
1851
1876
1852
1877
1853
1878
1854
1879
1855
1880
1856
1881
1857
1882
1858
1883
1859
1884
1860
1885
1861
1886
1862
1887
1863
1888
1864
1889
1865
1890
1891
1867
1892
1868
1893
1869
1894
1870
1895
1871
1896
1872
1897
1873
1898
1874
1899
1875
1900
1876
1901
1877
1902
1878
1903
1879
1904
1880
1905
1881
1906
1882
1907
1883
1908
1884
1909
1885
1910
1886
1911
1887
1912
1888
1913
1889
1914
1890
1915
1891
1916
1917
1893
1918
1894
1919
1895
1920
1896
1921
1897
1922
1898
1923
1899
1924
1900
1925
1901
1926
1902
1927
1903
1928
1904
1929
1905
1930
1906
1931
1907
1932
1908
1933
1909
1934
1910
1935
1911
1936
1912
1937
1913
1938
1914
1939
1915
1940
1916
1941
1917
1942
1943
1919
1944
1920
1945
1921
1946
1922
1947
1923
1948
1924
1949
1925
1950
1926
1951
1927
1952
1928
1953
1929
1954
1930
1955
1931
1956
1932
1957
1933
1958
1934
1959
1935
1960
1936
1961
1937
1962
1938
1963
1939
1964
1940
1965
1941
1966
1942
1967
1943
1968
1969
1945
1970
1946
1971
1947
1972
1948
1973
1949
1974
1950
1975
1951
1976
1952
1977
1953
1978
1954
1979
1955
1980
1956
1981
1957
1982
1958
1983
1959
1984
1960
1985
1961
1986
1962
1987
1963
1988
1964
1989
1965
1990
1966
1991
1967
1992
1968
1993
1969
1994
1995
1971
1996
1972
1997
1973
1998
1974
1999
1975
2000
1976
2001
1977
2002
1978
2003
1979
2004
1980
2005
1981
2006
1982
2007
1983
2008
1984
2009
1985
2010
1986
2011
1987
2012
1988
2013
1989
2014
1990
2015
1991
2016
1992
2017
1993
2018
1994
2019
1995
2020
2021
1997
1998
1999
2000
2001
2002
2003
2004
2005
2006
2007
2008
2009
2010
2011
2012
2013
2014
2015
2016
2017
2018
2019
2020
2021
)


// ************************************************************************* //
