/*--------------------------------*- C++ -*----------------------------------*\
| =========                 |                                                 |
| \\      /  F ield         | OpenFOAM: The Open Source CFD Toolbox           |
|  \\    /   O peration     | Version:  2406                                  |
|   \\  /    A nd           | Website:  www.openfoam.com                      |
|    \\/     M anipulation  |                                                 |
\*---------------------------------------------------------------------------*/
FoamFile
{
    version     2.0;
    format      ascii;
    arch        "LSB;label=32;scalar=64";
    note        "nPoints:4266  nCells:2037  nFaces:8243  nInternalFaces:3979";
    class       labelList;
    location    "constant/polyMesh";
    object      neighbour;
}
// * * * * * * * * * * * * * * * * * * * * * * * * * * * * * * * * * * * * * //


3979
(
1
13
2
14
3
15
4
16
5
17
6
18
7
19
8
20
9
21
10
22
11
23
12
24
25
612
14
26
15
27
16
28
17
29
18
30
19
31
20
32
21
33
22
34
23
35
24
36
25
37
38
637
27
39
28
40
29
41
30
42
31
43
32
44
33
45
34
46
35
47
36
48
37
49
38
50
51
662
40
52
41
53
42
54
43
55
44
56
45
57
46
58
47
59
48
60
49
61
50
62
51
63
64
687
53
65
54
66
55
67
56
68
57
69
58
70
59
71
60
72
61
73
62
74
63
75
64
76
77
712
66
78
67
79
68
80
69
81
70
82
71
83
72
84
73
85
74
86
75
87
76
88
77
89
90
737
79
91
80
92
81
93
82
94
83
95
84
96
85
97
86
98
87
99
88
100
89
101
90
102
103
762
92
104
93
105
94
106
95
107
96
108
97
109
98
110
99
111
100
112
101
113
102
114
103
115
116
787
105
117
106
118
107
119
108
120
109
121
110
122
111
123
112
124
113
125
114
126
115
127
116
128
129
812
118
130
119
131
120
132
121
133
122
134
123
135
124
136
125
137
126
138
127
139
128
140
129
141
142
837
131
143
132
144
133
145
134
146
135
147
136
148
137
149
138
150
139
151
140
152
141
153
142
154
155
862
144
156
145
157
146
158
147
159
148
160
149
161
150
162
151
163
152
164
153
165
154
166
155
167
168
887
157
169
158
170
159
171
160
172
161
173
162
174
163
175
164
176
165
177
166
178
167
179
168
180
181
912
170
171
172
173
182
174
183
175
184
176
185
177
186
178
187
179
188
180
189
181
190
191
937
183
192
184
193
185
194
186
195
187
196
188
197
189
198
190
199
191
200
201
962
193
202
194
203
195
204
196
205
197
206
198
207
199
208
200
209
201
210
211
987
203
212
204
213
205
214
206
215
207
216
208
217
209
218
210
219
211
220
221
1012
213
222
214
223
215
224
216
225
217
226
218
227
219
228
220
229
221
230
231
1037
223
232
224
233
225
234
226
235
227
236
228
237
229
238
230
239
231
240
241
1062
233
242
234
243
235
244
236
245
237
246
238
247
239
248
240
249
241
250
251
1087
243
252
244
253
245
254
246
255
247
256
248
257
249
258
250
259
251
260
261
1112
253
262
254
263
255
264
256
265
257
266
258
267
259
268
260
269
261
270
271
1137
263
272
264
273
265
274
266
275
267
276
268
277
269
278
270
279
271
280
281
1162
273
282
274
283
275
284
276
285
277
286
278
287
279
288
280
289
281
290
291
1187
283
292
284
293
285
294
286
295
287
296
288
297
289
298
290
299
291
300
301
1212
293
302
294
303
295
304
296
305
297
306
298
307
299
308
300
309
301
310
311
1237
303
312
304
313
305
314
306
315
307
316
308
317
309
318
310
319
311
320
321
1262
313
322
314
323
315
324
316
325
317
326
318
327
319
328
320
329
321
330
331
1287
323
332
324
333
325
334
326
335
327
336
328
337
329
338
330
339
331
340
341
1312
333
342
334
343
335
344
336
345
337
346
338
347
339
348
340
349
341
350
351
1337
343
352
344
353
345
354
346
355
347
356
348
357
349
358
350
359
351
360
361
1362
353
362
354
363
355
364
356
365
357
366
358
367
359
368
360
369
361
370
371
1387
363
372
364
373
365
374
366
375
367
376
368
377
369
378
370
379
371
380
381
1412
373
382
374
383
375
384
376
385
377
386
378
387
379
388
380
389
381
390
391
1437
383
392
384
393
385
394
386
395
387
396
388
397
389
398
390
399
391
400
401
1462
393
402
394
403
395
404
396
405
397
406
398
407
399
408
400
409
401
410
411
1487
403
412
404
413
405
414
406
415
407
416
408
417
409
418
410
419
411
420
421
1512
413
422
414
423
415
424
416
425
417
426
418
427
419
428
420
429
421
430
431
1537
423
432
424
433
425
434
426
435
427
436
428
437
429
438
430
439
431
440
441
1562
433
442
434
443
435
444
436
445
437
446
438
447
439
448
440
449
441
450
451
1587
443
452
444
453
445
454
446
455
447
456
448
457
449
458
450
459
451
460
461
1612
453
462
454
463
455
464
456
465
457
466
458
467
459
468
460
469
461
470
471
1637
463
472
464
473
465
474
466
475
467
476
468
477
469
478
470
479
471
480
481
1662
473
482
474
483
475
484
476
485
477
486
478
487
479
488
480
489
481
490
491
1687
483
492
484
493
485
494
486
495
487
496
488
497
489
498
490
499
491
500
501
1712
493
502
494
503
495
504
496
505
497
506
498
507
499
508
500
509
501
510
511
1737
503
512
504
513
505
514
506
515
507
516
508
517
509
518
510
519
511
520
521
1762
513
522
514
523
515
524
516
525
517
526
518
527
519
528
520
529
521
530
531
1787
523
532
524
533
525
534
526
535
527
536
528
537
529
538
530
539
531
540
541
1812
533
542
534
543
535
544
536
545
537
546
538
547
539
548
540
549
541
550
551
1837
543
552
544
553
545
554
546
555
547
556
548
557
549
558
550
559
551
560
561
1862
553
562
554
563
555
564
556
565
557
566
558
567
559
568
560
569
561
570
571
1887
563
572
564
573
565
574
566
575
567
576
568
577
569
578
570
579
571
580
581
1912
573
582
574
583
575
584
576
585
577
586
578
587
579
588
580
589
581
590
591
1937
583
592
584
593
585
594
586
595
587
596
588
597
589
598
590
599
591
600
601
1962
593
602
594
603
595
604
596
605
597
606
598
607
599
608
600
609
601
610
611
1987
603
604
605
606
607
608
609
610
611
2012
613
637
614
638
615
639
616
640
617
641
618
642
619
643
620
644
621
645
622
646
623
647
624
648
625
649
626
650
627
651
628
652
629
653
630
654
631
655
632
656
633
657
634
658
635
659
636
660
661
638
662
639
663
640
664
641
665
642
666
643
667
644
668
645
669
646
670
647
671
648
672
649
673
650
674
651
675
652
676
653
677
654
678
655
679
656
680
657
681
658
682
659
683
660
684
661
685
686
663
687
664
688
665
689
666
690
667
691
668
692
669
693
670
694
671
695
672
696
673
697
674
698
675
699
676
700
677
701
678
702
679
703
680
704
681
705
682
706
683
707
684
708
685
709
686
710
711
688
712
689
713
690
714
691
715
692
716
693
717
694
718
695
719
696
720
697
721
698
722
699
723
700
724
701
725
702
726
703
727
704
728
705
729
706
730
707
731
708
732
709
733
710
734
711
735
736
713
737
714
738
715
739
716
740
717
741
718
742
719
743
720
744
721
745
722
746
723
747
724
748
725
749
726
750
727
751
728
752
729
753
730
754
731
755
732
756
733
757
734
758
735
759
736
760
761
738
762
739
763
740
764
741
765
742
766
743
767
744
768
745
769
746
770
747
771
748
772
749
773
750
774
751
775
752
776
753
777
754
778
755
779
756
780
757
781
758
782
759
783
760
784
761
785
786
763
787
764
788
765
789
766
790
767
791
768
792
769
793
770
794
771
795
772
796
773
797
774
798
775
799
776
800
777
801
778
802
779
803
780
804
781
805
782
806
783
807
784
808
785
809
786
810
811
788
812
789
813
790
814
791
815
792
816
793
817
794
818
795
819
796
820
797
821
798
822
799
823
800
824
801
825
802
826
803
827
804
828
805
829
806
830
807
831
808
832
809
833
810
834
811
835
836
813
837
814
838
815
839
816
840
817
841
818
842
819
843
820
844
821
845
822
846
823
847
824
848
825
849
826
850
827
851
828
852
829
853
830
854
831
855
832
856
833
857
834
858
835
859
836
860
861
838
862
839
863
840
864
841
865
842
866
843
867
844
868
845
869
846
870
847
871
848
872
849
873
850
874
851
875
852
876
853
877
854
878
855
879
856
880
857
881
858
882
859
883
860
884
861
885
886
863
887
864
888
865
889
866
890
867
891
868
892
869
893
870
894
871
895
872
896
873
897
874
898
875
899
876
900
877
901
878
902
879
903
880
904
881
905
882
906
883
907
884
908
885
909
886
910
911
888
912
889
913
890
914
891
915
892
916
893
917
894
918
895
919
896
920
897
921
898
922
899
923
900
924
901
925
902
926
903
927
904
928
905
929
906
930
907
931
908
932
909
933
910
934
911
935
936
913
937
914
938
915
939
916
940
917
941
918
942
919
943
920
944
921
945
922
946
923
947
924
948
925
949
926
950
927
951
928
952
929
953
930
954
931
955
932
956
933
957
934
958
935
959
936
960
961
938
962
939
963
940
964
941
965
942
966
943
967
944
968
945
969
946
970
947
971
948
972
949
973
950
974
951
975
952
976
953
977
954
978
955
979
956
980
957
981
958
982
959
983
960
984
961
985
986
963
987
964
988
965
989
966
990
967
991
968
992
969
993
970
994
971
995
972
996
973
997
974
998
975
999
976
1000
977
1001
978
1002
979
1003
980
1004
981
1005
982
1006
983
1007
984
1008
985
1009
986
1010
1011
988
1012
989
1013
990
1014
991
1015
992
1016
993
1017
994
1018
995
1019
996
1020
997
1021
998
1022
999
1023
1000
1024
1001
1025
1002
1026
1003
1027
1004
1028
1005
1029
1006
1030
1007
1031
1008
1032
1009
1033
1010
1034
1011
1035
1036
1013
1037
1014
1038
1015
1039
1016
1040
1017
1041
1018
1042
1019
1043
1020
1044
1021
1045
1022
1046
1023
1047
1024
1048
1025
1049
1026
1050
1027
1051
1028
1052
1029
1053
1030
1054
1031
1055
1032
1056
1033
1057
1034
1058
1035
1059
1036
1060
1061
1038
1062
1039
1063
1040
1064
1041
1065
1042
1066
1043
1067
1044
1068
1045
1069
1046
1070
1047
1071
1048
1072
1049
1073
1050
1074
1051
1075
1052
1076
1053
1077
1054
1078
1055
1079
1056
1080
1057
1081
1058
1082
1059
1083
1060
1084
1061
1085
1086
1063
1087
1064
1088
1065
1089
1066
1090
1067
1091
1068
1092
1069
1093
1070
1094
1071
1095
1072
1096
1073
1097
1074
1098
1075
1099
1076
1100
1077
1101
1078
1102
1079
1103
1080
1104
1081
1105
1082
1106
1083
1107
1084
1108
1085
1109
1086
1110
1111
1088
1112
1089
1113
1090
1114
1091
1115
1092
1116
1093
1117
1094
1118
1095
1119
1096
1120
1097
1121
1098
1122
1099
1123
1100
1124
1101
1125
1102
1126
1103
1127
1104
1128
1105
1129
1106
1130
1107
1131
1108
1132
1109
1133
1110
1134
1111
1135
1136
1113
1137
1114
1138
1115
1139
1116
1140
1117
1141
1118
1142
1119
1143
1120
1144
1121
1145
1122
1146
1123
1147
1124
1148
1125
1149
1126
1150
1127
1151
1128
1152
1129
1153
1130
1154
1131
1155
1132
1156
1133
1157
1134
1158
1135
1159
1136
1160
1161
1138
1162
1139
1163
1140
1164
1141
1165
1142
1166
1143
1167
1144
1168
1145
1169
1146
1170
1147
1171
1148
1172
1149
1173
1150
1174
1151
1175
1152
1176
1153
1177
1154
1178
1155
1179
1156
1180
1157
1181
1158
1182
1159
1183
1160
1184
1161
1185
1186
1163
1187
1164
1188
1165
1189
1166
1190
1167
1191
1168
1192
1169
1193
1170
1194
1171
1195
1172
1196
1173
1197
1174
1198
1175
1199
1176
1200
1177
1201
1178
1202
1179
1203
1180
1204
1181
1205
1182
1206
1183
1207
1184
1208
1185
1209
1186
1210
1211
1188
1212
1189
1213
1190
1214
1191
1215
1192
1216
1193
1217
1194
1218
1195
1219
1196
1220
1197
1221
1198
1222
1199
1223
1200
1224
1201
1225
1202
1226
1203
1227
1204
1228
1205
1229
1206
1230
1207
1231
1208
1232
1209
1233
1210
1234
1211
1235
1236
1213
1237
1214
1238
1215
1239
1216
1240
1217
1241
1218
1242
1219
1243
1220
1244
1221
1245
1222
1246
1223
1247
1224
1248
1225
1249
1226
1250
1227
1251
1228
1252
1229
1253
1230
1254
1231
1255
1232
1256
1233
1257
1234
1258
1235
1259
1236
1260
1261
1238
1262
1239
1263
1240
1264
1241
1265
1242
1266
1243
1267
1244
1268
1245
1269
1246
1270
1247
1271
1248
1272
1249
1273
1250
1274
1251
1275
1252
1276
1253
1277
1254
1278
1255
1279
1256
1280
1257
1281
1258
1282
1259
1283
1260
1284
1261
1285
1286
1263
1287
1264
1288
1265
1289
1266
1290
1267
1291
1268
1292
1269
1293
1270
1294
1271
1295
1272
1296
1273
1297
1274
1298
1275
1299
1276
1300
1277
1301
1278
1302
1279
1303
1280
1304
1281
1305
1282
1306
1283
1307
1284
1308
1285
1309
1286
1310
1311
1288
1312
1289
1313
1290
1314
1291
1315
1292
1316
1293
1317
1294
1318
1295
1319
1296
1320
1297
1321
1298
1322
1299
1323
1300
1324
1301
1325
1302
1326
1303
1327
1304
1328
1305
1329
1306
1330
1307
1331
1308
1332
1309
1333
1310
1334
1311
1335
1336
1313
1337
1314
1338
1315
1339
1316
1340
1317
1341
1318
1342
1319
1343
1320
1344
1321
1345
1322
1346
1323
1347
1324
1348
1325
1349
1326
1350
1327
1351
1328
1352
1329
1353
1330
1354
1331
1355
1332
1356
1333
1357
1334
1358
1335
1359
1336
1360
1361
1338
1362
1339
1363
1340
1364
1341
1365
1342
1366
1343
1367
1344
1368
1345
1369
1346
1370
1347
1371
1348
1372
1349
1373
1350
1374
1351
1375
1352
1376
1353
1377
1354
1378
1355
1379
1356
1380
1357
1381
1358
1382
1359
1383
1360
1384
1361
1385
1386
1363
1387
1364
1388
1365
1389
1366
1390
1367
1391
1368
1392
1369
1393
1370
1394
1371
1395
1372
1396
1373
1397
1374
1398
1375
1399
1376
1400
1377
1401
1378
1402
1379
1403
1380
1404
1381
1405
1382
1406
1383
1407
1384
1408
1385
1409
1386
1410
1411
1388
1412
1389
1413
1390
1414
1391
1415
1392
1416
1393
1417
1394
1418
1395
1419
1396
1420
1397
1421
1398
1422
1399
1423
1400
1424
1401
1425
1402
1426
1403
1427
1404
1428
1405
1429
1406
1430
1407
1431
1408
1432
1409
1433
1410
1434
1411
1435
1436
1413
1437
1414
1438
1415
1439
1416
1440
1417
1441
1418
1442
1419
1443
1420
1444
1421
1445
1422
1446
1423
1447
1424
1448
1425
1449
1426
1450
1427
1451
1428
1452
1429
1453
1430
1454
1431
1455
1432
1456
1433
1457
1434
1458
1435
1459
1436
1460
1461
1438
1462
1439
1463
1440
1464
1441
1465
1442
1466
1443
1467
1444
1468
1445
1469
1446
1470
1447
1471
1448
1472
1449
1473
1450
1474
1451
1475
1452
1476
1453
1477
1454
1478
1455
1479
1456
1480
1457
1481
1458
1482
1459
1483
1460
1484
1461
1485
1486
1463
1487
1464
1488
1465
1489
1466
1490
1467
1491
1468
1492
1469
1493
1470
1494
1471
1495
1472
1496
1473
1497
1474
1498
1475
1499
1476
1500
1477
1501
1478
1502
1479
1503
1480
1504
1481
1505
1482
1506
1483
1507
1484
1508
1485
1509
1486
1510
1511
1488
1512
1489
1513
1490
1514
1491
1515
1492
1516
1493
1517
1494
1518
1495
1519
1496
1520
1497
1521
1498
1522
1499
1523
1500
1524
1501
1525
1502
1526
1503
1527
1504
1528
1505
1529
1506
1530
1507
1531
1508
1532
1509
1533
1510
1534
1511
1535
1536
1513
1537
1514
1538
1515
1539
1516
1540
1517
1541
1518
1542
1519
1543
1520
1544
1521
1545
1522
1546
1523
1547
1524
1548
1525
1549
1526
1550
1527
1551
1528
1552
1529
1553
1530
1554
1531
1555
1532
1556
1533
1557
1534
1558
1535
1559
1536
1560
1561
1538
1562
1539
1563
1540
1564
1541
1565
1542
1566
1543
1567
1544
1568
1545
1569
1546
1570
1547
1571
1548
1572
1549
1573
1550
1574
1551
1575
1552
1576
1553
1577
1554
1578
1555
1579
1556
1580
1557
1581
1558
1582
1559
1583
1560
1584
1561
1585
1586
1563
1587
1564
1588
1565
1589
1566
1590
1567
1591
1568
1592
1569
1593
1570
1594
1571
1595
1572
1596
1573
1597
1574
1598
1575
1599
1576
1600
1577
1601
1578
1602
1579
1603
1580
1604
1581
1605
1582
1606
1583
1607
1584
1608
1585
1609
1586
1610
1611
1588
1612
1589
1613
1590
1614
1591
1615
1592
1616
1593
1617
1594
1618
1595
1619
1596
1620
1597
1621
1598
1622
1599
1623
1600
1624
1601
1625
1602
1626
1603
1627
1604
1628
1605
1629
1606
1630
1607
1631
1608
1632
1609
1633
1610
1634
1611
1635
1636
1613
1637
1614
1638
1615
1639
1616
1640
1617
1641
1618
1642
1619
1643
1620
1644
1621
1645
1622
1646
1623
1647
1624
1648
1625
1649
1626
1650
1627
1651
1628
1652
1629
1653
1630
1654
1631
1655
1632
1656
1633
1657
1634
1658
1635
1659
1636
1660
1661
1638
1662
1639
1663
1640
1664
1641
1665
1642
1666
1643
1667
1644
1668
1645
1669
1646
1670
1647
1671
1648
1672
1649
1673
1650
1674
1651
1675
1652
1676
1653
1677
1654
1678
1655
1679
1656
1680
1657
1681
1658
1682
1659
1683
1660
1684
1661
1685
1686
1663
1687
1664
1688
1665
1689
1666
1690
1667
1691
1668
1692
1669
1693
1670
1694
1671
1695
1672
1696
1673
1697
1674
1698
1675
1699
1676
1700
1677
1701
1678
1702
1679
1703
1680
1704
1681
1705
1682
1706
1683
1707
1684
1708
1685
1709
1686
1710
1711
1688
1712
1689
1713
1690
1714
1691
1715
1692
1716
1693
1717
1694
1718
1695
1719
1696
1720
1697
1721
1698
1722
1699
1723
1700
1724
1701
1725
1702
1726
1703
1727
1704
1728
1705
1729
1706
1730
1707
1731
1708
1732
1709
1733
1710
1734
1711
1735
1736
1713
1737
1714
1738
1715
1739
1716
1740
1717
1741
1718
1742
1719
1743
1720
1744
1721
1745
1722
1746
1723
1747
1724
1748
1725
1749
1726
1750
1727
1751
1728
1752
1729
1753
1730
1754
1731
1755
1732
1756
1733
1757
1734
1758
1735
1759
1736
1760
1761
1738
1762
1739
1763
1740
1764
1741
1765
1742
1766
1743
1767
1744
1768
1745
1769
1746
1770
1747
1771
1748
1772
1749
1773
1750
1774
1751
1775
1752
1776
1753
1777
1754
1778
1755
1779
1756
1780
1757
1781
1758
1782
1759
1783
1760
1784
1761
1785
1786
1763
1787
1764
1788
1765
1789
1766
1790
1767
1791
1768
1792
1769
1793
1770
1794
1771
1795
1772
1796
1773
1797
1774
1798
1775
1799
1776
1800
1777
1801
1778
1802
1779
1803
1780
1804
1781
1805
1782
1806
1783
1807
1784
1808
1785
1809
1786
1810
1811
1788
1812
1789
1813
1790
1814
1791
1815
1792
1816
1793
1817
1794
1818
1795
1819
1796
1820
1797
1821
1798
1822
1799
1823
1800
1824
1801
1825
1802
1826
1803
1827
1804
1828
1805
1829
1806
1830
1807
1831
1808
1832
1809
1833
1810
1834
1811
1835
1836
1813
1837
1814
1838
1815
1839
1816
1840
1817
1841
1818
1842
1819
1843
1820
1844
1821
1845
1822
1846
1823
1847
1824
1848
1825
1849
1826
1850
1827
1851
1828
1852
1829
1853
1830
1854
1831
1855
1832
1856
1833
1857
1834
1858
1835
1859
1836
1860
1861
1838
1862
1839
1863
1840
1864
1841
1865
1842
1866
1843
1867
1844
1868
1845
1869
1846
1870
1847
1871
1848
1872
1849
1873
1850
1874
1851
1875
1852
1876
1853
1877
1854
1878
1855
1879
1856
1880
1857
1881
1858
1882
1859
1883
1860
1884
1861
1885
1886
1863
1887
1864
1888
1865
1889
1866
1890
1867
1891
1868
1892
1869
1893
1870
1894
1871
1895
1872
1896
1873
1897
1874
1898
1875
1899
1876
1900
1877
1901
1878
1902
1879
1903
1880
1904
1881
1905
1882
1906
1883
1907
1884
1908
1885
1909
1886
1910
1911
1888
1912
1889
1913
1890
1914
1891
1915
1892
1916
1893
1917
1894
1918
1895
1919
1896
1920
1897
1921
1898
1922
1899
1923
1900
1924
1901
1925
1902
1926
1903
1927
1904
1928
1905
1929
1906
1930
1907
1931
1908
1932
1909
1933
1910
1934
1911
1935
1936
1913
1937
1914
1938
1915
1939
1916
1940
1917
1941
1918
1942
1919
1943
1920
1944
1921
1945
1922
1946
1923
1947
1924
1948
1925
1949
1926
1950
1927
1951
1928
1952
1929
1953
1930
1954
1931
1955
1932
1956
1933
1957
1934
1958
1935
1959
1936
1960
1961
1938
1962
1939
1963
1940
1964
1941
1965
1942
1966
1943
1967
1944
1968
1945
1969
1946
1970
1947
1971
1948
1972
1949
1973
1950
1974
1951
1975
1952
1976
1953
1977
1954
1978
1955
1979
1956
1980
1957
1981
1958
1982
1959
1983
1960
1984
1961
1985
1986
1963
1987
1964
1988
1965
1989
1966
1990
1967
1991
1968
1992
1969
1993
1970
1994
1971
1995
1972
1996
1973
1997
1974
1998
1975
1999
1976
2000
1977
2001
1978
2002
1979
2003
1980
2004
1981
2005
1982
2006
1983
2007
1984
2008
1985
2009
1986
2010
2011
1988
2012
1989
2013
1990
2014
1991
2015
1992
2016
1993
2017
1994
2018
1995
2019
1996
2020
1997
2021
1998
2022
1999
2023
2000
2024
2001
2025
2002
2026
2003
2027
2004
2028
2005
2029
2006
2030
2007
2031
2008
2032
2009
2033
2010
2034
2011
2035
2036
2013
2014
2015
2016
2017
2018
2019
2020
2021
2022
2023
2024
2025
2026
2027
2028
2029
2030
2031
2032
2033
2034
2035
2036
)


// ************************************************************************* //
