/*--------------------------------*- C++ -*----------------------------------*\
| =========                 |                                                 |
| \\      /  F ield         | OpenFOAM: The Open Source CFD Toolbox           |
|  \\    /   O peration     | Version:  2406                                  |
|   \\  /    A nd           | Website:  www.openfoam.com                      |
|    \\/     M anipulation  |                                                 |
\*---------------------------------------------------------------------------*/
FoamFile
{
    version     2.0;
    format      ascii;
    arch        "LSB;label=32;scalar=64";
    note        "nPoints:4268  nCells:2039  nFaces:8250  nInternalFaces:3984";
    class       labelList;
    location    "constant/polyMesh";
    object      neighbour;
}
// * * * * * * * * * * * * * * * * * * * * * * * * * * * * * * * * * * * * * //


3984
(
1
33
2
34
3
35
4
36
5
37
6
38
7
39
8
40
9
41
10
42
11
43
12
44
13
45
14
46
15
47
16
48
17
49
18
50
19
51
20
52
21
53
22
54
23
55
24
56
25
57
26
58
27
59
28
60
29
61
30
62
31
63
32
64
65
34
66
35
67
36
68
37
69
38
70
39
71
40
72
41
73
42
74
43
75
44
76
45
77
46
78
47
79
48
80
49
81
50
82
51
83
52
84
53
85
54
86
55
87
56
88
57
89
58
90
59
91
60
92
61
93
62
94
63
95
64
96
65
97
98
67
99
68
100
69
101
70
102
71
103
72
104
73
105
74
106
75
107
76
108
77
109
78
110
79
111
80
112
81
113
82
114
83
115
84
116
85
117
86
118
87
119
88
120
89
121
90
122
91
123
92
124
93
125
94
126
95
127
96
128
97
129
98
130
131
100
132
101
133
102
134
103
135
104
136
105
137
106
138
107
139
108
140
109
141
110
142
111
143
112
144
113
145
114
146
115
147
116
148
117
149
118
150
119
151
120
152
121
153
122
154
123
155
124
156
125
157
126
158
127
159
128
160
129
161
130
162
131
163
164
133
165
134
166
135
167
136
168
137
169
138
170
139
171
140
172
141
173
142
174
143
175
144
176
145
177
146
178
147
179
148
180
149
181
150
182
151
183
152
184
153
185
154
186
155
187
156
188
157
189
158
190
159
191
160
192
161
193
162
194
163
195
164
196
197
166
198
167
199
168
200
169
201
170
202
171
203
172
204
173
205
174
206
175
207
176
208
177
209
178
210
179
211
180
212
181
213
182
214
183
215
184
216
185
217
186
218
187
219
188
220
189
221
190
222
191
223
192
224
193
225
194
226
195
227
196
228
197
229
230
199
231
200
232
201
233
202
234
203
235
204
236
205
237
206
238
207
239
208
240
209
241
210
242
211
243
212
244
213
245
214
246
215
247
216
248
217
249
218
250
219
251
220
252
221
253
222
254
223
255
224
256
225
257
226
258
227
259
228
260
229
261
230
262
263
232
264
233
265
234
266
235
267
236
268
237
269
238
270
239
271
240
272
241
273
242
274
243
275
244
276
245
277
246
278
247
279
248
280
249
281
250
282
251
283
252
284
253
285
254
286
255
287
256
288
257
289
258
290
259
291
260
292
261
293
262
294
263
295
296
265
297
266
298
267
299
268
300
269
301
270
302
271
303
272
304
273
305
274
306
275
307
276
308
277
309
278
310
279
311
280
312
281
313
282
314
283
315
284
316
285
317
286
318
287
319
288
320
289
321
290
322
291
323
292
324
293
325
294
326
295
327
296
328
329
298
330
299
331
300
332
301
333
302
334
303
335
304
336
305
337
306
338
307
339
308
340
309
341
310
342
311
343
312
344
313
345
314
346
315
347
316
348
317
349
318
350
319
351
320
352
321
353
322
354
323
355
324
356
325
357
326
358
327
359
328
360
329
361
362
331
363
332
364
333
365
334
366
335
367
336
368
337
369
338
370
339
371
340
372
341
373
342
374
343
375
344
376
345
377
346
378
347
379
348
380
349
381
350
382
351
383
352
384
353
385
354
386
355
387
356
388
357
389
358
390
359
391
360
392
361
393
362
394
395
364
396
365
397
366
398
367
399
368
400
369
401
370
402
371
403
372
404
373
405
374
406
375
407
376
408
377
409
378
410
379
411
380
412
381
413
382
414
383
415
384
416
385
417
386
418
387
419
388
420
389
421
390
422
391
423
392
424
393
425
394
426
395
427
428
397
429
398
430
399
431
400
432
401
433
402
434
403
435
404
436
405
437
406
438
407
439
408
440
409
441
410
442
411
443
412
444
413
445
414
446
415
447
416
448
417
449
418
450
419
451
420
452
421
453
422
454
423
455
424
456
425
457
426
458
427
459
428
460
461
430
462
431
463
432
464
433
465
434
466
435
467
436
468
437
469
438
470
439
471
440
472
441
473
442
474
443
475
444
476
445
477
446
478
447
479
448
480
449
481
450
482
451
483
452
484
453
485
454
486
455
487
456
488
457
489
458
490
459
491
460
492
461
493
494
463
498
464
499
465
500
466
501
467
502
468
503
469
504
470
505
471
506
472
507
473
508
474
509
475
510
476
511
477
512
478
513
479
514
480
515
481
516
482
517
483
518
484
519
485
520
486
521
487
522
488
523
489
524
490
525
491
526
492
527
493
528
494
529
495
530
496
531
497
532
533
499
534
500
535
501
536
502
537
503
538
504
539
505
540
506
541
507
542
508
543
509
544
510
545
511
546
512
547
513
548
514
549
515
550
516
551
517
552
518
553
519
554
520
555
521
556
522
557
523
558
524
559
525
560
526
561
527
562
528
563
529
564
530
565
531
566
532
567
533
568
569
535
570
536
571
537
572
538
573
539
574
540
575
541
576
542
577
543
578
544
579
545
580
546
581
547
582
548
583
549
584
550
585
551
586
552
587
553
588
554
589
555
590
556
591
557
592
558
593
559
594
560
595
561
596
562
597
563
598
564
599
565
600
566
601
567
602
568
603
569
604
605
571
606
572
607
573
608
574
609
575
610
576
611
577
612
578
613
579
614
580
615
581
616
582
617
583
618
584
619
585
620
586
621
587
622
588
623
589
624
590
625
591
626
592
627
593
628
594
629
595
630
596
631
597
632
598
633
599
634
600
635
601
636
602
637
603
638
604
639
605
640
641
607
642
608
643
609
644
610
645
611
646
612
647
613
648
614
649
615
650
616
651
617
652
618
653
619
654
620
655
621
656
622
657
623
658
624
659
625
660
626
661
627
662
628
663
629
664
630
665
631
666
632
667
633
668
634
669
635
670
636
671
637
672
638
673
639
674
640
675
641
676
677
643
678
644
679
645
680
646
681
647
682
648
683
649
684
650
685
651
686
652
687
653
688
654
689
655
690
656
691
657
692
658
693
659
694
660
695
661
696
662
697
663
698
664
699
665
700
666
701
667
702
668
703
669
704
670
705
671
706
672
707
673
708
674
709
675
710
676
711
677
712
713
679
714
680
715
681
716
682
717
683
718
684
719
685
720
686
721
687
722
688
723
689
724
690
725
691
726
692
727
693
728
694
729
695
730
696
731
697
732
698
733
699
734
700
735
701
736
702
737
703
738
704
739
705
740
706
741
707
742
708
743
709
744
710
745
711
746
712
747
713
748
749
715
750
716
751
717
752
718
753
719
754
720
755
721
756
722
757
723
758
724
759
725
760
726
761
727
762
728
763
729
764
730
765
731
766
732
767
733
768
734
769
735
770
736
771
737
772
738
773
739
774
740
775
741
776
742
777
743
778
744
779
745
780
746
781
747
782
748
783
749
784
785
751
786
752
787
753
788
754
789
755
790
756
791
757
792
758
793
759
794
760
795
761
796
762
797
763
798
764
799
765
800
766
801
767
802
768
803
769
804
770
805
771
806
772
807
773
808
774
809
775
810
776
811
777
812
778
813
779
814
780
815
781
816
782
817
783
818
784
819
785
820
821
787
822
788
823
789
824
790
825
791
826
792
827
793
828
794
829
795
830
796
831
797
832
798
833
799
834
800
835
801
836
802
837
803
838
804
839
805
840
806
841
807
842
808
843
809
844
810
845
811
846
812
847
813
848
814
849
815
850
816
851
817
852
818
853
819
854
820
855
821
856
857
823
858
824
859
825
860
826
861
827
862
828
863
829
864
830
865
831
866
832
867
833
868
834
869
835
870
836
871
837
872
838
873
839
874
840
875
841
876
842
877
843
878
844
879
845
880
846
881
847
882
848
883
849
884
850
885
851
886
852
887
853
888
854
889
855
890
856
891
857
892
893
859
894
860
895
861
896
862
897
863
898
864
899
865
900
866
901
867
902
868
903
869
904
870
905
871
906
872
907
873
908
874
909
875
910
876
911
877
912
878
913
879
914
880
915
881
916
882
917
883
918
884
919
885
920
886
921
887
922
888
923
889
924
890
925
891
926
892
927
893
928
929
895
930
896
931
897
932
898
933
899
934
900
935
901
936
902
937
903
938
904
939
905
940
906
941
907
942
908
943
909
944
910
945
911
946
912
947
913
948
914
949
915
950
916
951
917
952
918
953
919
954
920
955
921
956
922
957
923
958
924
959
925
960
926
961
927
962
928
963
929
964
965
931
967
932
968
933
969
934
970
935
971
936
972
937
973
938
974
939
975
940
976
941
977
942
978
943
979
944
980
945
981
946
982
947
983
948
984
949
985
950
986
951
987
952
988
953
989
954
990
955
991
956
992
957
993
958
994
959
995
960
996
961
997
962
998
963
999
964
1000
965
1001
1002
967
1003
968
1004
969
1005
970
1006
971
1007
972
1008
973
1009
974
1010
975
1011
976
1012
977
1013
978
1014
979
1015
980
1016
981
1017
982
1018
983
1019
984
1020
985
1021
986
1022
987
1023
988
1024
989
1025
990
1026
991
1027
992
1028
993
1029
994
1030
995
1031
996
1032
997
1033
998
1034
999
1035
1000
1036
1001
1037
1002
1038
1039
1004
1040
1005
1041
1006
1042
1007
1043
1008
1044
1009
1045
1010
1046
1011
1047
1012
1048
1013
1049
1014
1050
1015
1051
1016
1052
1017
1053
1018
1054
1019
1055
1020
1056
1021
1057
1022
1058
1023
1059
1024
1060
1025
1061
1026
1062
1027
1063
1028
1064
1029
1065
1030
1066
1031
1067
1032
1068
1033
1069
1034
1070
1035
1071
1036
1072
1037
1073
1038
1074
1039
1075
1076
1041
1077
1042
1078
1043
1079
1044
1080
1045
1081
1046
1082
1047
1083
1048
1084
1049
1085
1050
1086
1051
1087
1052
1088
1053
1089
1054
1090
1055
1091
1056
1092
1057
1093
1058
1094
1059
1095
1060
1096
1061
1097
1062
1098
1063
1099
1064
1100
1065
1101
1066
1102
1067
1103
1068
1104
1069
1105
1070
1106
1071
1107
1072
1108
1073
1109
1074
1110
1075
1111
1076
1112
1113
1078
1114
1079
1115
1080
1116
1081
1117
1082
1118
1083
1119
1084
1120
1085
1121
1086
1122
1087
1123
1088
1124
1089
1125
1090
1126
1091
1127
1092
1128
1093
1129
1094
1130
1095
1131
1096
1132
1097
1133
1098
1134
1099
1135
1100
1136
1101
1137
1102
1138
1103
1139
1104
1140
1105
1141
1106
1142
1107
1143
1108
1144
1109
1145
1110
1146
1111
1147
1112
1148
1113
1149
1150
1115
1151
1116
1152
1117
1153
1118
1154
1119
1155
1120
1156
1121
1157
1122
1158
1123
1159
1124
1160
1125
1161
1126
1162
1127
1163
1128
1164
1129
1165
1130
1166
1131
1167
1132
1168
1133
1169
1134
1170
1135
1171
1136
1172
1137
1173
1138
1174
1139
1175
1140
1176
1141
1177
1142
1178
1143
1179
1144
1180
1145
1181
1146
1182
1147
1183
1148
1184
1149
1185
1150
1186
1187
1152
1188
1153
1189
1154
1190
1155
1191
1156
1192
1157
1193
1158
1194
1159
1195
1160
1196
1161
1197
1162
1198
1163
1199
1164
1200
1165
1201
1166
1202
1167
1203
1168
1204
1169
1205
1170
1206
1171
1207
1172
1208
1173
1209
1174
1210
1175
1211
1176
1212
1177
1213
1178
1214
1179
1215
1180
1216
1181
1217
1182
1218
1183
1219
1184
1220
1185
1221
1186
1222
1187
1223
1224
1189
1225
1190
1226
1191
1227
1192
1228
1193
1229
1194
1230
1195
1231
1196
1232
1197
1233
1198
1234
1199
1235
1200
1236
1201
1237
1202
1238
1203
1239
1204
1240
1205
1241
1206
1242
1207
1243
1208
1244
1209
1245
1210
1246
1211
1247
1212
1248
1213
1249
1214
1250
1215
1251
1216
1252
1217
1253
1218
1254
1219
1255
1220
1256
1221
1257
1222
1258
1223
1259
1224
1260
1261
1226
1262
1227
1263
1228
1264
1229
1265
1230
1266
1231
1267
1232
1268
1233
1269
1234
1270
1235
1271
1236
1272
1237
1273
1238
1274
1239
1275
1240
1276
1241
1277
1242
1278
1243
1279
1244
1280
1245
1281
1246
1282
1247
1283
1248
1284
1249
1285
1250
1286
1251
1287
1252
1288
1253
1289
1254
1290
1255
1291
1256
1292
1257
1293
1258
1294
1259
1295
1260
1296
1261
1297
1298
1263
1299
1264
1300
1265
1301
1266
1302
1267
1303
1268
1304
1269
1305
1270
1306
1271
1307
1272
1308
1273
1309
1274
1310
1275
1311
1276
1312
1277
1313
1278
1314
1279
1315
1280
1316
1281
1317
1282
1318
1283
1319
1284
1320
1285
1321
1286
1322
1287
1323
1288
1324
1289
1325
1290
1326
1291
1327
1292
1328
1293
1329
1294
1330
1295
1331
1296
1332
1297
1333
1298
1334
1335
1300
1336
1301
1337
1302
1338
1303
1339
1304
1340
1305
1341
1306
1342
1307
1343
1308
1344
1309
1345
1310
1346
1311
1347
1312
1348
1313
1349
1314
1350
1315
1351
1316
1352
1317
1353
1318
1354
1319
1355
1320
1356
1321
1357
1322
1358
1323
1359
1324
1360
1325
1361
1326
1362
1327
1363
1328
1364
1329
1365
1330
1366
1331
1367
1332
1368
1333
1369
1334
1370
1335
1371
1372
1337
1373
1338
1374
1339
1375
1340
1376
1341
1377
1342
1378
1343
1379
1344
1380
1345
1381
1346
1382
1347
1383
1348
1384
1349
1385
1350
1386
1351
1387
1352
1388
1353
1389
1354
1390
1355
1391
1356
1392
1357
1393
1358
1394
1359
1395
1360
1396
1361
1397
1362
1398
1363
1399
1364
1400
1365
1401
1366
1402
1367
1403
1368
1404
1369
1405
1370
1406
1371
1407
1372
1408
1409
1374
1410
1375
1411
1376
1412
1377
1413
1378
1414
1379
1415
1380
1416
1381
1417
1382
1418
1383
1419
1384
1420
1385
1421
1386
1422
1387
1423
1388
1424
1389
1425
1390
1426
1391
1427
1392
1428
1393
1429
1394
1430
1395
1431
1396
1432
1397
1433
1398
1434
1399
1435
1400
1436
1401
1437
1402
1438
1403
1439
1404
1440
1405
1441
1406
1442
1407
1443
1408
1444
1409
1445
1446
1411
1447
1412
1448
1413
1449
1414
1450
1415
1451
1416
1452
1417
1453
1418
1454
1419
1455
1420
1456
1421
1457
1422
1458
1423
1459
1424
1460
1425
1461
1426
1462
1427
1463
1428
1464
1429
1465
1430
1466
1431
1467
1432
1468
1433
1469
1434
1470
1435
1471
1436
1472
1437
1473
1438
1474
1439
1475
1440
1476
1441
1477
1442
1478
1443
1479
1444
1480
1445
1481
1446
1482
1483
1448
1484
1449
1485
1450
1486
1451
1487
1452
1488
1453
1489
1454
1490
1455
1491
1456
1492
1457
1493
1458
1494
1459
1495
1460
1496
1461
1497
1462
1498
1463
1499
1464
1500
1465
1501
1466
1502
1467
1503
1468
1504
1469
1505
1470
1506
1471
1507
1472
1508
1473
1509
1474
1510
1475
1511
1476
1512
1477
1513
1478
1514
1479
1515
1480
1516
1481
1517
1482
1518
1483
1519
1520
1485
1521
1486
1522
1487
1523
1488
1524
1489
1525
1490
1526
1491
1527
1492
1528
1493
1529
1494
1530
1495
1531
1496
1532
1497
1533
1498
1534
1499
1535
1500
1536
1501
1537
1502
1538
1503
1539
1504
1540
1505
1541
1506
1542
1507
1543
1508
1544
1509
1545
1510
1546
1511
1547
1512
1548
1513
1549
1514
1550
1515
1551
1516
1552
1517
1553
1518
1554
1519
1555
1520
1556
1557
1522
1558
1523
1559
1524
1560
1525
1561
1526
1562
1527
1563
1528
1564
1529
1565
1530
1566
1531
1567
1532
1568
1533
1569
1534
1570
1535
1571
1536
1572
1537
1573
1538
1574
1539
1575
1540
1576
1541
1577
1542
1578
1543
1579
1544
1580
1545
1581
1546
1582
1547
1583
1548
1584
1549
1585
1550
1586
1551
1587
1552
1588
1553
1589
1554
1590
1555
1591
1556
1592
1557
1593
1594
1559
1595
1560
1596
1561
1597
1562
1598
1563
1599
1564
1600
1565
1601
1566
1602
1567
1603
1568
1604
1569
1605
1570
1606
1571
1607
1572
1608
1573
1609
1574
1610
1575
1611
1576
1612
1577
1613
1578
1614
1579
1615
1580
1616
1581
1617
1582
1618
1583
1619
1584
1620
1585
1621
1586
1622
1587
1623
1588
1624
1589
1625
1590
1626
1591
1627
1592
1628
1593
1629
1594
1630
1631
1596
1632
1597
1633
1598
1634
1599
1635
1600
1636
1601
1637
1602
1638
1603
1639
1604
1640
1605
1641
1606
1642
1607
1643
1608
1644
1609
1645
1610
1646
1611
1647
1612
1648
1613
1649
1614
1650
1615
1651
1616
1652
1617
1653
1618
1654
1619
1655
1620
1656
1621
1657
1622
1658
1623
1659
1624
1660
1625
1661
1626
1662
1627
1663
1628
1664
1629
1665
1630
1666
1631
1667
1668
1633
1669
1634
1670
1635
1671
1636
1672
1637
1673
1638
1674
1639
1675
1640
1676
1641
1677
1642
1678
1643
1679
1644
1680
1645
1681
1646
1682
1647
1683
1648
1684
1649
1685
1650
1686
1651
1687
1652
1688
1653
1689
1654
1690
1655
1691
1656
1692
1657
1693
1658
1694
1659
1695
1660
1696
1661
1697
1662
1698
1663
1699
1664
1700
1665
1701
1666
1702
1667
1703
1668
1704
1705
1670
1706
1671
1707
1672
1708
1673
1709
1674
1710
1675
1711
1676
1712
1677
1713
1678
1714
1679
1715
1680
1716
1681
1717
1682
1718
1683
1719
1684
1720
1685
1721
1686
1722
1687
1723
1688
1724
1689
1725
1690
1726
1691
1727
1692
1728
1693
1729
1694
1730
1695
1731
1696
1732
1697
1733
1698
1734
1699
1735
1700
1736
1701
1737
1702
1738
1703
1739
1704
1740
1705
1741
1742
1707
1743
1708
1744
1709
1745
1710
1746
1711
1747
1712
1748
1713
1749
1714
1750
1715
1751
1716
1752
1717
1753
1718
1754
1719
1755
1720
1756
1721
1757
1722
1758
1723
1759
1724
1760
1725
1761
1726
1762
1727
1763
1728
1764
1729
1765
1730
1766
1731
1767
1732
1768
1733
1769
1734
1770
1735
1771
1736
1772
1737
1773
1738
1774
1739
1775
1740
1776
1741
1777
1742
1778
1779
1744
1780
1745
1781
1746
1782
1747
1783
1748
1784
1749
1785
1750
1786
1751
1787
1752
1788
1753
1789
1754
1790
1755
1791
1756
1792
1757
1793
1758
1794
1759
1795
1760
1796
1761
1797
1762
1798
1763
1799
1764
1800
1765
1801
1766
1802
1767
1803
1768
1804
1769
1805
1770
1806
1771
1807
1772
1808
1773
1809
1774
1810
1775
1811
1776
1812
1777
1813
1778
1814
1779
1815
1816
1781
1817
1782
1818
1783
1819
1784
1820
1785
1821
1786
1822
1787
1823
1788
1824
1789
1825
1790
1826
1791
1827
1792
1828
1793
1829
1794
1830
1795
1831
1796
1832
1797
1833
1798
1834
1799
1835
1800
1836
1801
1837
1802
1838
1803
1839
1804
1840
1805
1841
1806
1842
1807
1843
1808
1844
1809
1845
1810
1846
1811
1847
1812
1848
1813
1849
1814
1850
1815
1851
1816
1852
1853
1818
1854
1819
1855
1820
1856
1821
1857
1822
1858
1823
1859
1824
1860
1825
1861
1826
1862
1827
1863
1828
1864
1829
1865
1830
1866
1831
1867
1832
1868
1833
1869
1834
1870
1835
1871
1836
1872
1837
1873
1838
1874
1839
1875
1840
1876
1841
1877
1842
1878
1843
1879
1844
1880
1845
1881
1846
1882
1847
1883
1848
1884
1849
1885
1850
1886
1851
1887
1852
1888
1853
1889
1890
1855
1891
1856
1892
1857
1893
1858
1894
1859
1895
1860
1896
1861
1897
1862
1898
1863
1899
1864
1900
1865
1901
1866
1902
1867
1903
1868
1904
1869
1905
1870
1906
1871
1907
1872
1908
1873
1909
1874
1910
1875
1911
1876
1912
1877
1913
1878
1914
1879
1915
1880
1916
1881
1917
1882
1918
1883
1919
1884
1920
1885
1921
1886
1922
1887
1923
1888
1924
1889
1925
1890
1926
1927
1892
1928
1893
1929
1894
1930
1895
1931
1896
1932
1897
1933
1898
1934
1899
1935
1900
1936
1901
1937
1902
1938
1903
1939
1904
1940
1905
1941
1906
1942
1907
1943
1908
1944
1909
1945
1910
1946
1911
1947
1912
1948
1913
1949
1914
1950
1915
1951
1916
1952
1917
1953
1918
1954
1919
1955
1920
1956
1921
1957
1922
1958
1923
1959
1924
1960
1925
1961
1926
1962
1927
1963
1964
1929
1965
1930
1966
1931
1967
1932
1968
1933
1969
1934
1970
1935
1971
1936
1972
1937
1973
1938
1974
1939
1975
1940
1976
1941
1977
1942
1978
1943
1979
1944
1980
1945
1981
1946
1982
1947
1983
1948
1984
1949
1985
1950
1986
1951
1987
1952
1988
1953
1989
1954
1990
1955
1991
1956
1992
1957
1993
1958
1994
1959
1995
1960
1996
1961
1997
1962
1998
1963
1999
1964
2000
2001
1966
2002
1967
2003
1968
2004
1969
2005
1970
2006
1971
2007
1972
2008
1973
2009
1974
2010
1975
2011
1976
2012
1977
2013
1978
2014
1979
2015
1980
2016
1981
2017
1982
2018
1983
2019
1984
2020
1985
2021
1986
2022
1987
2023
1988
2024
1989
2025
1990
2026
1991
2027
1992
2028
1993
2029
1994
2030
1995
2031
1996
2032
1997
2033
1998
2034
1999
2035
2000
2036
2001
2037
2038
2003
2004
2005
2006
2007
2008
2009
2010
2011
2012
2013
2014
2015
2016
2017
2018
2019
2020
2021
2022
2023
2024
2025
2026
2027
2028
2029
2030
2031
2032
2033
2034
2035
2036
2037
2038
)


// ************************************************************************* //
