0.005	0.000562923
0.01	0.000691507
0.015	0.000237972
0.02	7.89797e-05
0.025	2.35272e-05
0.03	8.05495e-06
0.035	6.8486e-06
0.04	4.382e-06
0.045	4.84187e-06
0.05	3.81176e-06
0.055	3.17978e-06
0.06	2.68723e-06
0.065	2.40972e-06
0.07	2.09487e-06
0.075	1.8422e-06
0.08	1.60232e-06
0.085	1.34336e-06
0.09	1.15143e-06
0.095	9.75733e-07
0.1	7.77607e-07
0.105	6.56237e-07
0.11	5.47894e-07
0.115	4.0713e-07
0.12	3.44823e-07
0.125	3.16419e-07
0.13	2.74548e-07
0.135	2.16661e-07
0.14	1.48213e-07
0.145	1.34773e-07
0.15	1.01876e-07
0.155	1.00252e-07
0.16	1.08626e-07
0.165	6.54713e-08
0.17	4.84418e-08
0.175	8.0661e-08
0.18	6.35897e-08
0.185	4.53816e-08
0.19	7.10456e-08
0.195	6.0366e-08
0.2	4.48464e-08
0.205	4.26082e-08
0.21	3.75205e-08
0.215	5.31686e-08
0.22	4.26197e-08
0.225	4.75583e-08
0.23	3.88149e-08
0.235	3.88178e-08
0.24	2.54425e-08
0.245	2.53137e-08
0.25	2.59002e-08
0.255	2.43484e-08
0.26	2.13261e-08
0.265	1.9915e-08
0.27	1.51559e-08
0.275	1.36319e-08
0.28	1.34729e-08
0.285	1.27363e-08
0.29	1.43713e-08
0.295	1.37735e-08
0.3	1.18379e-08
0.305	1.38498e-08
0.31	1.44486e-08
0.315	1.43525e-08
0.32	1.23186e-08
0.325	1.45605e-08
0.33	1.0726e-08
0.335	1.18827e-08
0.34	1.44621e-08
0.345	1.33892e-08
0.35	1.19226e-08
0.355	1.41327e-08
0.36	9.94142e-09
0.365	1.05636e-08
0.37	1.14766e-08
0.375	1.19836e-08
0.38	1.42441e-08
0.385	1.08292e-08
0.39	1.40419e-08
0.395	1.35784e-08
0.4	1.07887e-08
0.405	1.3865e-08
0.41	1.30442e-08
0.415	1.26819e-08
0.42	1.1101e-08
0.425	1.41819e-08
0.43	1.27081e-08
0.435	1.42315e-08
0.44	1.09758e-08
0.445	1.10611e-08
0.45	1.22558e-08
0.455	1.24051e-08
0.46	1.27902e-08
0.465	1.31676e-08
0.47	1.36811e-08
0.475	1.42072e-08
0.48	1.26663e-08
0.485	1.44545e-08
0.49	1.33246e-08
0.495	1.25388e-08
0.5	1.42767e-08
