0.005	4.76327e-09
0.01	-2.14256e-10
0.015	-6.67212e-11
0.02	1.34423e-10
0.025	3.12253e-10
0.03	-3.56435e-10
0.035	2.86288e-10
0.04	1.85217e-10
0.045	1.38148e-10
0.05	6.99555e-11
0.055	1.52691e-11
0.06	-3.76543e-12
0.065	-1.11368e-11
0.07	-4.67944e-11
0.075	-5.78788e-11
0.08	-1.31918e-10
0.085	-1.19388e-10
0.09	-4.68647e-11
0.095	1.03516e-10
0.1	1.96779e-10
0.105	1.55292e-10
0.11	1.64901e-10
0.115	1.33572e-10
0.12	1.17706e-10
0.125	2.46505e-10
0.13	2.14119e-10
0.135	1.91478e-10
0.14	1.12204e-10
0.145	2.14114e-10
0.15	1.41321e-10
0.155	1.10557e-10
0.16	3.26868e-10
0.165	9.91557e-11
0.17	9.31448e-11
0.175	-9.8573e-12
0.18	-3.12401e-11
0.185	8.47408e-11
0.19	-7.72083e-10
0.195	5.47435e-11
0.2	7.20636e-11
0.205	2.25107e-09
0.21	8.77747e-11
0.215	-1.09321e-11
0.22	5.06982e-11
0.225	-2.47009e-12
0.23	1.8268e-11
0.235	-1.23032e-11
0.24	4.51074e-11
0.245	-3.8984e-12
0.25	9.15692e-11
0.255	-6.64729e-11
0.26	5.83538e-11
0.265	-8.25003e-11
0.27	2.32755e-09
0.275	1.40289e-09
0.28	-1.36397e-10
0.285	-7.84881e-10
0.29	-1.1698e-09
0.295	-1.85446e-09
0.3	-6.11712e-10
0.305	1.82626e-10
0.31	1.66022e-09
0.315	2.67874e-09
0.32	3.51435e-09
0.325	3.72694e-09
0.33	3.75012e-09
0.335	3.64126e-09
0.34	3.38671e-09
0.345	3.22827e-09
0.35	2.62173e-09
0.355	2.30428e-09
0.36	1.91945e-09
0.365	1.6002e-09
0.37	1.32287e-09
0.375	1.08912e-09
0.38	9.47821e-10
0.385	8.90939e-10
0.39	1.03001e-09
0.395	1.25407e-09
0.4	1.42986e-09
0.405	2.18576e-09
0.41	2.18165e-09
0.415	2.08084e-09
0.42	1.7291e-09
0.425	2.12417e-10
0.43	4.88089e-10
0.435	-1.8803e-09
0.44	-3.75938e-09
0.445	-5.57397e-09
0.45	-6.96024e-09
0.455	-8.03884e-09
0.46	-8.89744e-09
0.465	-9.57699e-09
0.47	-1.01213e-08
0.475	-1.05914e-08
0.48	-2.16776e-10
0.485	2.8211e-09
0.49	5.62695e-09
0.495	1.60997e-10
0.5	6.57246e-11
