0.005	-1.95843e-06
0.01	1.30805e-06
0.015	-8.76509e-07
0.02	-2.07929e-06
0.025	-9.39092e-07
0.03	-7.64151e-07
0.035	-6.7846e-07
0.04	-6.75183e-07
0.045	-6.65718e-07
0.05	-6.67261e-07
0.055	-6.50948e-07
0.06	-6.34818e-07
0.065	-6.12909e-07
0.07	-5.87723e-07
0.075	-5.60902e-07
0.08	-5.33747e-07
0.085	-5.0764e-07
0.09	-4.83016e-07
0.095	-4.60211e-07
0.1	-4.40266e-07
0.105	-4.22594e-07
0.11	-4.07058e-07
0.115	-3.94814e-07
0.12	-3.8404e-07
0.125	-3.72031e-07
0.13	-3.61572e-07
0.135	-3.53112e-07
0.14	-3.45983e-07
0.145	-3.39204e-07
0.15	-3.34942e-07
0.155	-3.30535e-07
0.16	-3.08776e-07
0.165	-3.06945e-07
0.17	-3.05743e-07
0.175	-2.94907e-07
0.18	-3.06528e-07
0.185	-3.06461e-07
0.19	-3.10381e-07
0.195	-2.97451e-07
0.2	-2.98198e-07
0.205	-2.9313e-07
0.21	-2.85334e-07
0.215	-2.93983e-07
0.22	-2.85073e-07
0.225	-2.9268e-07
0.23	-2.84616e-07
0.235	-2.90784e-07
0.24	-2.84518e-07
0.245	-2.89073e-07
0.25	-2.83471e-07
0.255	-2.86739e-07
0.26	-2.82335e-07
0.265	-2.84444e-07
0.27	-2.79126e-07
0.275	-2.7479e-07
0.28	-2.72999e-07
0.285	-2.74132e-07
0.29	-2.76921e-07
0.295	-2.80441e-07
0.3	-2.81476e-07
0.305	-2.82042e-07
0.31	-2.79397e-07
0.315	-2.74653e-07
0.32	-2.67968e-07
0.325	-2.60619e-07
0.33	-2.53114e-07
0.335	-2.45741e-07
0.34	-2.38843e-07
0.345	-2.32343e-07
0.35	-2.26766e-07
0.355	-2.22018e-07
0.36	-2.1801e-07
0.365	-2.14667e-07
0.37	-2.11904e-07
0.375	-2.09621e-07
0.38	-2.07714e-07
0.385	-2.05923e-07
0.39	-2.03932e-07
0.395	-2.01547e-07
0.4	-1.98778e-07
0.405	-1.94862e-07
0.41	-1.90068e-07
0.415	-1.85672e-07
0.42	-1.82065e-07
0.425	-1.80275e-07
0.43	-1.77905e-07
0.435	-1.80637e-07
0.44	-1.87274e-07
0.445	-1.97618e-07
0.45	-2.10918e-07
0.455	-2.26515e-07
0.46	-2.43928e-07
0.465	-2.6278e-07
0.47	-2.82778e-07
0.475	-3.03743e-07
0.48	-3.04002e-07
0.485	-2.99652e-07
0.49	-2.89558e-07
0.495	-2.82423e-07
0.5	-2.817e-07
