0.005	-1.96319e-06
0.01	1.30827e-06
0.015	-8.76442e-07
0.02	-2.07942e-06
0.025	-9.39405e-07
0.03	-7.63794e-07
0.035	-6.78746e-07
0.04	-6.75368e-07
0.045	-6.65856e-07
0.05	-6.67331e-07
0.055	-6.50963e-07
0.06	-6.34815e-07
0.065	-6.12898e-07
0.07	-5.87676e-07
0.075	-5.60844e-07
0.08	-5.33616e-07
0.085	-5.07521e-07
0.09	-4.8297e-07
0.095	-4.60314e-07
0.1	-4.40462e-07
0.105	-4.22749e-07
0.11	-4.07223e-07
0.115	-3.94947e-07
0.12	-3.84157e-07
0.125	-3.72278e-07
0.13	-3.61786e-07
0.135	-3.53304e-07
0.14	-3.46095e-07
0.145	-3.39418e-07
0.15	-3.35084e-07
0.155	-3.30645e-07
0.16	-3.09103e-07
0.165	-3.07044e-07
0.17	-3.05836e-07
0.175	-2.94897e-07
0.18	-3.06497e-07
0.185	-3.06545e-07
0.19	-3.09609e-07
0.195	-2.97506e-07
0.2	-2.9827e-07
0.205	-2.95381e-07
0.21	-2.85421e-07
0.215	-2.93972e-07
0.22	-2.85123e-07
0.225	-2.92678e-07
0.23	-2.84634e-07
0.235	-2.90771e-07
0.24	-2.84563e-07
0.245	-2.89069e-07
0.25	-2.83563e-07
0.255	-2.86673e-07
0.26	-2.82394e-07
0.265	-2.84362e-07
0.27	-2.81453e-07
0.275	-2.76193e-07
0.28	-2.72862e-07
0.285	-2.73347e-07
0.29	-2.75751e-07
0.295	-2.78587e-07
0.3	-2.80865e-07
0.305	-2.82225e-07
0.31	-2.81057e-07
0.315	-2.77332e-07
0.32	-2.71482e-07
0.325	-2.64346e-07
0.33	-2.56864e-07
0.335	-2.49382e-07
0.34	-2.4223e-07
0.345	-2.35571e-07
0.35	-2.29388e-07
0.355	-2.24322e-07
0.36	-2.1993e-07
0.365	-2.16268e-07
0.37	-2.13227e-07
0.375	-2.1071e-07
0.38	-2.08662e-07
0.385	-2.06814e-07
0.39	-2.04962e-07
0.395	-2.02801e-07
0.4	-2.00208e-07
0.405	-1.97048e-07
0.41	-1.9225e-07
0.415	-1.87753e-07
0.42	-1.83794e-07
0.425	-1.80488e-07
0.43	-1.78393e-07
0.435	-1.78757e-07
0.44	-1.83515e-07
0.445	-1.92044e-07
0.45	-2.03958e-07
0.455	-2.18477e-07
0.46	-2.3503e-07
0.465	-2.53203e-07
0.47	-2.72657e-07
0.475	-2.93152e-07
0.48	-3.03785e-07
0.485	-3.02473e-07
0.49	-2.95185e-07
0.495	-2.82584e-07
0.5	-2.81766e-07
