0.005	-1.96319e-06
0.01	3.2667e-06
0.015	-2.18449e-06
0.02	-1.20291e-06
0.025	1.13988e-06
0.03	1.75298e-07
0.035	8.54047e-08
0.04	3.09146e-09
0.045	9.32681e-09
0.05	-1.61256e-09
0.055	1.62977e-08
0.06	1.61333e-08
0.065	2.19207e-08
0.07	2.52328e-08
0.075	2.6879e-08
0.08	2.72862e-08
0.085	2.62269e-08
0.09	2.46704e-08
0.095	2.2702e-08
0.1	1.97485e-08
0.105	1.75165e-08
0.11	1.53704e-08
0.115	1.21111e-08
0.12	1.06566e-08
0.125	1.17618e-08
0.13	1.02454e-08
0.135	8.26796e-09
0.14	7.01734e-09
0.145	6.56474e-09
0.15	4.12036e-09
0.155	4.29703e-09
0.16	2.14318e-08
0.165	1.7322e-09
0.17	1.10872e-09
0.175	1.08458e-08
0.18	-1.15902e-08
0.185	-1.70695e-11
0.19	-3.14838e-09
0.195	1.28753e-08
0.2	-8.1864e-10
0.205	2.81671e-09
0.21	7.70826e-09
0.215	-8.63785e-09
0.22	8.8593e-09
0.225	-7.60512e-09
0.23	8.04568e-09
0.235	-6.15529e-09
0.24	6.22047e-09
0.245	-4.55047e-09
0.25	5.50977e-09
0.255	-3.20172e-09
0.26	4.34568e-09
0.265	-2.02649e-09
0.27	2.99123e-09
0.275	2.93289e-09
0.28	1.92745e-09
0.285	-3.47929e-10
0.29	-1.61946e-09
0.295	-1.66608e-09
0.3	-4.23267e-10
0.305	-7.48351e-10
0.31	9.84737e-10
0.315	2.06554e-09
0.32	3.17059e-09
0.325	3.62162e-09
0.33	3.75532e-09
0.335	3.73178e-09
0.34	3.51107e-09
0.345	3.27184e-09
0.35	2.95487e-09
0.355	2.44396e-09
0.36	2.08847e-09
0.365	1.74252e-09
0.37	1.44044e-09
0.375	1.19402e-09
0.38	9.58858e-10
0.385	9.00496e-10
0.39	9.60729e-10
0.395	1.1309e-09
0.4	1.33928e-09
0.405	1.72988e-09
0.41	2.61259e-09
0.415	2.31485e-09
0.42	1.8788e-09
0.425	1.57674e-09
0.43	1.88279e-09
0.435	-8.52071e-10
0.44	-2.87797e-09
0.445	-4.77006e-09
0.45	-6.33961e-09
0.455	-7.55834e-09
0.46	-8.51501e-09
0.465	-9.27534e-09
0.47	-9.87655e-09
0.475	-1.03737e-08
0.48	-4.22103e-11
0.485	1.52869e-09
0.49	4.46736e-09
0.495	6.97403e-09
0.5	6.5726e-10
