0.005	1.54346e-06
0.01	1.27915e-06
0.015	1.02626e-07
0.02	7.38109e-09
0.025	1.3073e-08
0.03	1.29104e-08
0.035	1.13344e-08
0.04	9.48603e-09
0.045	9.32763e-09
0.05	1.40252e-08
0.055	1.23495e-08
0.06	1.0989e-08
0.065	9.39271e-09
0.07	1.34511e-08
0.075	1.15546e-08
0.08	1.36583e-08
0.085	1.11107e-08
0.09	1.21684e-08
0.095	1.40581e-08
0.1	1.41835e-08
0.105	1.13194e-08
0.11	1.30355e-08
0.115	9.7989e-09
0.12	1.39032e-08
0.125	1.4019e-08
0.13	1.20938e-08
0.135	9.81611e-09
0.14	1.28543e-08
0.145	1.06916e-08
0.15	1.44219e-08
0.155	1.40028e-08
0.16	1.35283e-08
0.165	1.06179e-08
0.17	7.95343e-09
0.175	1.08575e-08
0.18	9.56791e-09
0.185	1.33677e-08
0.19	1.12095e-08
0.195	1.05651e-08
0.2	1.2587e-08
0.205	1.43786e-08
0.21	1.00517e-08
0.215	1.12838e-08
0.22	1.3442e-08
0.225	1.24172e-08
0.23	1.14094e-08
0.235	1.06557e-08
0.24	1.25697e-08
0.245	1.15625e-08
0.25	1.39682e-08
0.255	1.32101e-08
0.26	1.16802e-08
0.265	1.09129e-08
0.27	1.26619e-08
0.275	1.17112e-08
0.28	1.34094e-08
0.285	1.00048e-08
0.29	1.11234e-08
0.295	1.25046e-08
0.3	1.27327e-08
0.305	1.15504e-08
0.31	1.09626e-08
0.315	1.23862e-08
0.32	1.24012e-08
0.325	1.31248e-08
0.33	1.08535e-08
0.335	1.12967e-08
0.34	1.0497e-08
0.345	1.43351e-08
0.35	1.42985e-08
0.355	9.46509e-09
0.36	1.28012e-08
0.365	1.3239e-08
0.37	9.7833e-09
0.375	1.44112e-08
0.38	1.2582e-08
0.385	1.43024e-08
0.39	1.09653e-08
0.395	1.24769e-08
0.4	1.39732e-08
0.405	8.32328e-09
0.41	1.25276e-08
0.415	1.36166e-08
0.42	1.36802e-08
0.425	1.34759e-08
0.43	1.40419e-08
0.435	9.28829e-09
0.44	1.39311e-08
0.445	1.42703e-08
0.45	1.26414e-08
0.455	1.25923e-08
0.46	1.28726e-08
0.465	1.33453e-08
0.47	1.38604e-08
0.475	1.44616e-08
0.48	1.40599e-08
0.485	1.32116e-08
0.49	1.27585e-08
0.495	1.38482e-08
0.5	1.12282e-08
