0.005	0.5
0.01	1.73898
0.015	1.522
0.02	1.47006
0.025	1.48677
0.03	1.50447
0.035	1.52464
0.04	1.53943
0.045	1.55227
0.05	1.56163
0.055	1.56802
0.06	1.57223
0.065	1.5748
0.07	1.57619
0.075	1.57673
0.08	1.57668
0.085	1.57624
0.09	1.57555
0.095	1.57472
0.1	1.57383
0.105	1.57294
0.11	1.57207
0.115	1.57127
0.12	1.57053
0.125	1.56987
0.13	1.56929
0.135	1.56878
0.14	1.56833
0.145	1.56796
0.15	1.56764
0.155	1.56736
0.16	1.56713
0.165	1.56694
0.17	1.56678
0.175	1.56665
0.18	1.56655
0.185	1.56646
0.19	1.56639
0.195	1.56633
0.2	1.56628
0.205	1.56624
0.21	1.56621
0.215	1.56618
0.22	1.56617
0.225	1.56615
0.23	1.56614
0.235	1.56613
0.24	1.56612
0.245	1.56611
0.25	1.5661
0.255	1.56609
0.26	1.56609
0.265	1.56608
0.27	1.56608
0.275	1.56607
0.28	1.56607
0.285	1.56606
0.29	1.56606
0.295	1.56606
0.3	1.56606
0.305	1.56605
0.31	1.56605
0.315	1.56605
0.32	1.56605
0.325	1.56605
0.33	1.56604
0.335	1.56604
0.34	1.56604
0.345	1.56604
0.35	1.56604
0.355	1.56604
0.36	1.56604
0.365	1.56603
0.37	1.56603
0.375	1.56603
0.38	1.56603
0.385	1.56603
0.39	1.56603
0.395	1.56603
0.4	1.56603
0.405	1.56603
0.41	1.56603
0.415	1.56603
0.42	1.56603
0.425	1.56603
0.43	1.56602
0.435	1.56602
0.44	1.56602
0.445	1.56602
0.45	1.56602
0.455	1.56602
0.46	1.56602
0.465	1.56602
0.47	1.56602
0.475	1.56602
0.48	1.56602
0.485	1.56602
0.49	1.56602
0.495	1.56602
0.5	1.56602
