0.005	0.00625
0.01	0.817615
0.015	0.818731
0.02	0.816112
0.025	0.813803
0.03	0.812078
0.035	0.810535
0.04	0.809294
0.045	0.808332
0.05	0.807594
0.055	0.806989
0.06	0.806463
0.065	0.80599
0.07	0.805576
0.075	0.805217
0.08	0.804885
0.085	0.804598
0.09	0.80435
0.095	0.804146
0.1	0.803975
0.105	0.803827
0.11	0.803695
0.115	0.803579
0.12	0.803476
0.125	0.803386
0.13	0.803308
0.135	0.803238
0.14	0.803178
0.145	0.803127
0.15	0.803082
0.155	0.803042
0.16	0.803008
0.165	0.80298
0.17	0.802956
0.175	0.802935
0.18	0.802918
0.185	0.802903
0.19	0.80289
0.195	0.80288
0.2	0.802872
0.205	0.802864
0.21	0.802858
0.215	0.802852
0.22	0.802848
0.225	0.802845
0.23	0.802842
0.235	0.802839
0.24	0.802837
0.245	0.802834
0.25	0.802833
0.255	0.802831
0.26	0.802829
0.265	0.802827
0.27	0.802826
0.275	0.802825
0.28	0.802824
0.285	0.802823
0.29	0.802822
0.295	0.802821
0.3	0.80282
0.305	0.802819
0.31	0.802818
0.315	0.802818
0.32	0.802817
0.325	0.802817
0.33	0.802816
0.335	0.802816
0.34	0.802815
0.345	0.802815
0.35	0.802815
0.355	0.802814
0.36	0.802814
0.365	0.802814
0.37	0.802814
0.375	0.802813
0.38	0.802813
0.385	0.802813
0.39	0.802813
0.395	0.802812
0.4	0.802812
0.405	0.802812
0.41	0.802812
0.415	0.802812
0.42	0.802812
0.425	0.802811
0.43	0.802811
0.435	0.802811
0.44	0.802811
0.445	0.802811
0.45	0.80281
0.455	0.80281
0.46	0.80281
0.465	0.80281
0.47	0.80281
0.475	0.80281
0.48	0.802809
0.485	0.80281
0.49	0.80281
0.495	0.80281
0.5	0.802809
