0.005	0.02
0.01	0.02
0.015	0.03
0.02	0.03
0.025	0.03
0.03	0.03
0.035	0.04
0.04	0.04
0.045	0.04
0.05	0.04
0.055	0.04
0.06	0.05
0.065	0.05
0.07	0.05
0.075	0.05
0.08	0.06
0.085	0.06
0.09	0.06
0.095	0.06
0.1	0.07
0.105	0.07
0.11	0.07
0.115	0.08
0.12	0.08
0.125	0.08
0.13	0.08
0.135	0.09
0.14	0.09
0.145	0.09
0.15	0.09
0.155	0.09
0.16	0.1
0.165	0.1
0.17	0.1
0.175	0.1
0.18	0.1
0.185	0.11
0.19	0.11
0.195	0.11
0.2	0.11
0.205	0.11
0.21	0.12
0.215	0.12
0.22	0.12
0.225	0.12
0.23	0.12
0.235	0.13
0.24	0.13
0.245	0.13
0.25	0.13
0.255	0.13
0.26	0.14
0.265	0.14
0.27	0.14
0.275	0.14
0.28	0.14
0.285	0.14
0.29	0.14
0.295	0.15
0.3	0.15
0.305	0.15
0.31	0.15
0.315	0.15
0.32	0.16
0.325	0.16
0.33	0.16
0.335	0.16
0.34	0.16
0.345	0.16
0.35	0.16
0.355	0.16
0.36	0.16
0.365	0.16
0.37	0.16
0.375	0.16
0.38	0.17
0.385	0.17
0.39	0.17
0.395	0.17
0.4	0.17
0.405	0.17
0.41	0.17
0.415	0.17
0.42	0.17
0.425	0.17
0.43	0.17
0.435	0.17
0.44	0.18
0.445	0.18
0.45	0.18
0.455	0.18
0.46	0.18
0.465	0.18
0.47	0.18
0.475	0.18
0.48	0.18
0.485	0.18
0.49	0.18
0.495	0.18
0.5	0.19
