0.005	1
0.01	0.0709168
0.015	0.624916
0.02	0.0917398
0.025	0.0302652
0.03	0.0126505
0.035	0.00881079
0.04	0.00729455
0.045	0.0063018
0.05	0.00559041
0.055	0.00487099
0.06	0.00417553
0.065	0.0036307
0.07	0.00315165
0.075	0.00273318
0.08	0.00235745
0.085	0.00201113
0.09	0.00171318
0.095	0.00145521
0.1	0.00122741
0.105	0.00102776
0.11	0.000861196
0.115	0.000720013
0.12	0.000594466
0.125	0.000505944
0.13	0.000415883
0.135	0.000342665
0.14	0.000300575
0.145	0.000239336
0.15	0.000198652
0.155	0.00016325
0.16	0.000151958
0.165	0.000130012
0.17	0.000101353
0.175	0.000113341
0.18	9.48508e-05
0.185	7.53959e-05
0.19	0.000102476
0.195	8.59374e-05
0.2	7.28737e-05
0.205	6.19003e-05
0.21	5.42993e-05
0.215	8.62911e-05
0.22	6.89242e-05
0.225	6.52242e-05
0.23	5.76978e-05
0.235	5.45203e-05
0.24	4.37978e-05
0.245	4.17382e-05
0.25	3.75434e-05
0.255	3.53776e-05
0.26	3.19469e-05
0.265	3.01825e-05
0.27	2.24649e-05
0.275	2.17035e-05
0.28	1.99977e-05
0.285	1.86051e-05
0.29	1.767e-05
0.295	1.67141e-05
0.3	1.52126e-05
0.305	9.12668e-06
0.31	9.06516e-06
0.315	7.79833e-06
0.32	7.4884e-06
0.325	7.00086e-06
0.33	6.43741e-06
0.335	5.89247e-06
0.34	5.5956e-06
0.345	1.30297e-06
0.35	5.864e-06
0.355	1.72455e-06
0.36	1.16592e-06
0.365	1.18992e-06
0.37	1.23406e-06
0.375	8.216e-07
0.38	1.21815e-06
0.385	1.37505e-06
0.39	1.33823e-06
0.395	9.30936e-07
0.4	1.1786e-06
0.405	1.26993e-06
0.41	1.11772e-06
0.415	1.58806e-06
0.42	1.29739e-06
0.425	1.2261e-06
0.43	4.314e-06
0.435	1.54665e-06
0.44	1.2137e-06
0.445	1.26094e-06
0.45	1.30106e-06
0.455	1.04887e-06
0.46	1.0436e-06
0.465	1.06278e-06
0.47	1.09685e-06
0.475	1.14471e-06
0.48	1.2033e-06
0.485	1.48192e-06
0.49	1.63253e-06
0.495	1.20885e-06
0.5	1.44617e-06
