0.005	0.0072622
0.01	0.0108162
0.015	0.0379925
0.02	0.141021
0.025	0.0256529
0.03	0.0112479
0.035	0.00808561
0.04	0.0065021
0.045	0.00550816
0.05	0.00488079
0.055	0.00420892
0.06	0.00359408
0.065	0.00310052
0.07	0.00266887
0.075	0.00230047
0.08	0.00197259
0.085	0.0016732
0.09	0.00141924
0.095	0.00120126
0.1	0.00100906
0.105	0.000842076
0.11	0.000703939
0.115	0.000587778
0.12	0.000485035
0.125	0.000415743
0.13	0.000343192
0.135	0.000283212
0.14	0.000252511
0.145	0.000201157
0.15	0.000167558
0.155	0.000138138
0.16	0.000134209
0.165	0.00011402
0.17	8.96351e-05
0.175	0.000105262
0.18	8.6653e-05
0.185	7.00817e-05
0.19	9.88378e-05
0.195	8.25233e-05
0.2	6.99169e-05
0.205	5.93828e-05
0.21	5.21301e-05
0.215	8.41188e-05
0.22	6.78846e-05
0.225	6.42516e-05
0.23	5.68835e-05
0.235	5.37197e-05
0.24	4.34e-05
0.245	4.12904e-05
0.25	3.71179e-05
0.255	3.49117e-05
0.26	3.16037e-05
0.265	2.98229e-05
0.27	2.23492e-05
0.275	2.14665e-05
0.28	1.98214e-05
0.285	1.84237e-05
0.29	1.74701e-05
0.295	1.64459e-05
0.3	1.4994e-05
0.305	9.09838e-06
0.31	8.63109e-06
0.315	7.71132e-06
0.32	7.23921e-06
0.325	6.81366e-06
0.33	6.142e-06
0.335	5.79997e-06
0.34	5.46547e-06
0.345	1.48235e-06
0.35	5.49998e-06
0.355	1.47874e-06
0.36	8.77651e-07
0.365	9.07667e-07
0.37	1.04289e-06
0.375	9.88036e-07
0.38	1.38936e-06
0.385	9.80578e-07
0.39	1.23262e-06
0.395	1.10096e-06
0.4	9.58007e-07
0.405	1.50835e-06
0.41	1.45967e-06
0.415	1.43711e-06
0.42	9.37919e-07
0.425	1.17324e-06
0.43	3.7158e-06
0.435	1.42557e-06
0.44	9.5513e-07
0.445	9.78385e-07
0.45	1.03445e-06
0.455	1.03e-06
0.46	1.04672e-06
0.465	1.07548e-06
0.47	1.11779e-06
0.475	1.16811e-06
0.48	1.38266e-06
0.485	1.33001e-06
0.49	1.50089e-06
0.495	1.05505e-06
0.5	1.3586e-06
