0.005	8.45826e-07
0.01	8.64395e-07
0.015	8.20391e-07
0.02	8.08821e-07
0.025	8.84515e-07
0.03	9.2448e-07
0.035	8.00747e-07
0.04	6.62653e-07
0.045	6.46364e-07
0.05	9.6729e-07
0.055	8.49268e-07
0.06	7.54205e-07
0.065	6.44127e-07
0.07	9.2159e-07
0.075	7.91558e-07
0.08	9.35623e-07
0.085	7.60887e-07
0.09	8.33483e-07
0.095	9.63055e-07
0.1	9.7151e-07
0.105	7.75503e-07
0.11	8.93192e-07
0.115	6.71349e-07
0.12	9.52713e-07
0.125	9.6053e-07
0.13	8.28757e-07
0.135	6.72737e-07
0.14	8.8088e-07
0.145	7.32756e-07
0.15	9.88485e-07
0.155	9.59821e-07
0.16	9.27061e-07
0.165	7.27199e-07
0.17	5.45233e-07
0.175	7.44195e-07
0.18	6.55823e-07
0.185	9.16739e-07
0.19	7.6842e-07
0.195	7.24257e-07
0.2	8.6273e-07
0.205	9.8572e-07
0.21	6.89102e-07
0.215	7.73615e-07
0.22	9.21508e-07
0.225	8.51325e-07
0.23	7.82181e-07
0.235	7.30559e-07
0.24	8.61735e-07
0.245	7.92733e-07
0.25	9.57625e-07
0.255	9.05695e-07
0.26	8.00771e-07
0.265	7.48197e-07
0.27	8.68083e-07
0.275	8.02916e-07
0.28	9.19345e-07
0.285	6.8593e-07
0.29	7.6262e-07
0.295	8.57311e-07
0.3	8.7295e-07
0.305	7.91889e-07
0.31	7.51593e-07
0.315	8.49194e-07
0.32	8.50221e-07
0.325	8.99833e-07
0.33	7.44115e-07
0.335	7.74503e-07
0.34	7.19675e-07
0.345	9.82814e-07
0.35	9.80311e-07
0.355	6.48928e-07
0.36	8.77651e-07
0.365	9.07667e-07
0.37	6.70745e-07
0.375	9.88036e-07
0.38	8.62622e-07
0.385	9.80578e-07
0.39	7.51784e-07
0.395	8.55419e-07
0.4	9.58007e-07
0.405	5.70647e-07
0.41	8.58899e-07
0.415	9.33561e-07
0.42	9.37919e-07
0.425	9.23911e-07
0.43	9.6272e-07
0.435	6.36814e-07
0.44	9.5513e-07
0.445	9.78385e-07
0.45	8.66705e-07
0.455	8.63342e-07
0.46	8.82558e-07
0.465	9.14968e-07
0.47	9.50282e-07
0.475	9.91497e-07
0.48	9.6388e-07
0.485	9.05783e-07
0.49	8.74721e-07
0.495	9.49433e-07
0.5	7.69815e-07
