0.005	0.0450338
0.01	0.0026321
0.015	0.022196
0.02	0.00401014
0.025	0.00138806
0.03	0.000489975
0.035	0.000427357
0.04	0.000278755
0.045	0.000312619
0.05	0.000248937
0.055	0.000209558
0.06	0.00017839
0.065	0.0001609
0.07	0.000140539
0.075	0.000124065
0.08	0.000108253
0.085	9.09946e-05
0.09	7.81613e-05
0.095	6.63532e-05
0.1	5.29578e-05
0.105	4.47458e-05
0.11	3.73959e-05
0.115	2.78111e-05
0.12	2.35705e-05
0.125	2.16411e-05
0.13	1.87857e-05
0.135	1.48303e-05
0.14	1.01483e-05
0.145	9.23016e-06
0.15	6.97854e-06
0.155	6.86844e-06
0.16	7.44324e-06
0.165	4.48738e-06
0.17	3.31987e-06
0.175	5.52854e-06
0.18	4.35886e-06
0.185	3.11047e-06
0.19	4.87024e-06
0.195	4.1381e-06
0.2	3.07456e-06
0.205	2.92096e-06
0.21	2.57221e-06
0.215	3.64526e-06
0.22	2.92173e-06
0.225	3.26064e-06
0.23	2.66094e-06
0.235	2.6614e-06
0.24	1.74422e-06
0.245	1.73554e-06
0.25	1.77563e-06
0.255	1.66935e-06
0.26	1.46206e-06
0.265	1.36539e-06
0.27	1.03906e-06
0.275	9.34587e-07
0.28	9.23696e-07
0.285	8.73199e-07
0.29	9.85293e-07
0.295	9.4431e-07
0.3	8.11605e-07
0.305	9.49531e-07
0.31	9.90586e-07
0.315	9.84001e-07
0.32	8.44555e-07
0.325	9.98263e-07
0.33	7.35374e-07
0.335	8.14677e-07
0.34	9.91522e-07
0.345	9.17966e-07
0.35	8.17415e-07
0.355	9.68939e-07
0.36	6.81585e-07
0.365	7.24244e-07
0.37	7.86837e-07
0.375	8.216e-07
0.38	9.76576e-07
0.385	7.42452e-07
0.39	9.62714e-07
0.395	9.30936e-07
0.4	7.39673e-07
0.405	9.50588e-07
0.41	8.94314e-07
0.415	8.69479e-07
0.42	7.61092e-07
0.425	9.7232e-07
0.43	8.71276e-07
0.435	9.75727e-07
0.44	7.52509e-07
0.445	7.5836e-07
0.45	8.40272e-07
0.455	8.50504e-07
0.46	8.76906e-07
0.465	9.02785e-07
0.47	9.37986e-07
0.475	9.74057e-07
0.48	8.6841e-07
0.485	9.90997e-07
0.49	9.13531e-07
0.495	8.59655e-07
0.5	9.78861e-07
