0.005	43
0.01	43
0.015	43
0.02	41
0.025	36
0.03	42
0.035	41
0.04	42
0.045	33
0.05	43
0.055	42
0.06	42
0.065	42
0.07	42
0.075	42
0.08	42
0.085	42
0.09	42
0.095	42
0.1	42
0.105	42
0.11	42
0.115	42
0.12	42
0.125	41
0.13	41
0.135	41
0.14	41
0.145	41
0.15	41
0.155	40
0.16	26
0.165	41
0.17	41
0.175	23
0.18	26
0.185	41
0.19	21
0.195	25
0.2	41
0.205	21
0.21	25
0.215	20
0.22	25
0.225	19
0.23	25
0.235	19
0.24	26
0.245	20
0.25	25
0.255	19
0.26	25
0.265	19
0.27	25
0.275	26
0.28	20
0.285	17
0.29	12
0.295	11
0.3	18
0.305	9
0.31	8
0.315	8
0.32	8
0.325	7
0.33	7
0.335	7
0.34	6
0.345	2
0.35	7
0.355	3
0.36	1
0.365	1
0.37	1
0.375	0
0.38	2
0.385	1
0.39	1
0.395	0
0.4	1
0.405	8
0.41	3
0.415	2
0.42	1
0.425	1
0.43	21
0.435	3
0.44	1
0.445	1
0.45	1
0.455	1
0.46	1
0.465	1
0.47	1
0.475	1
0.48	22
0.485	4
0.49	2
0.495	1
0.5	30
