0.005	58
0.01	58
0.015	61
0.02	62
0.025	59
0.03	57
0.035	57
0.04	57
0.045	57
0.05	56
0.055	56
0.06	56
0.065	56
0.07	55
0.075	55
0.08	54
0.085	54
0.09	53
0.095	52
0.1	51
0.105	51
0.11	50
0.115	50
0.12	49
0.125	48
0.13	48
0.135	48
0.14	47
0.145	47
0.15	46
0.155	46
0.16	46
0.165	46
0.17	46
0.175	46
0.18	46
0.185	45
0.19	32
0.195	46
0.2	45
0.205	30
0.21	45
0.215	46
0.22	45
0.225	45
0.23	45
0.235	45
0.24	44
0.245	44
0.25	43
0.255	43
0.26	43
0.265	43
0.27	26
0.275	25
0.28	18
0.285	18
0.29	11
0.295	11
0.3	17
0.305	9
0.31	9
0.315	8
0.32	8
0.325	7
0.33	7
0.335	7
0.34	7
0.345	1
0.35	6
0.355	2
0.36	0
0.365	0
0.37	1
0.375	0
0.38	1
0.385	0
0.39	1
0.395	1
0.4	0
0.405	5
0.41	2
0.415	1
0.42	0
0.425	8
0.43	20
0.435	2
0.44	0
0.445	0
0.45	1
0.455	1
0.46	1
0.465	1
0.47	1
0.475	1
0.48	31
0.485	2
0.49	1
0.495	27
0.5	5
