0.005	1
0.01	0.41579
0.015	0.0633163
0.02	0.0193091
0.025	0.0123564
0.03	0.00896797
0.035	0.006549
0.04	0.00484405
0.045	0.00361433
0.05	0.00272586
0.055	0.00207395
0.06	0.00159116
0.065	0.00123941
0.07	0.000976007
0.075	0.000778586
0.08	0.000627398
0.085	0.000510667
0.09	0.000420932
0.095	0.000349715
0.1	0.00029222
0.105	0.000245381
0.11	0.000206285
0.115	0.000173885
0.12	0.000147334
0.125	0.000124589
0.13	0.000106175
0.135	8.9893e-05
0.14	7.62177e-05
0.145	6.55955e-05
0.15	5.52458e-05
0.155	4.72331e-05
0.16	4.00173e-05
0.165	3.41619e-05
0.17	2.95066e-05
0.175	2.50981e-05
0.18	2.19054e-05
0.185	1.91624e-05
0.19	1.64658e-05
0.195	1.4975e-05
0.2	1.31504e-05
0.205	1.17943e-05
0.21	1.05842e-05
0.215	9.359e-06
0.22	9.17195e-06
0.225	8.41797e-06
0.23	8.10963e-06
0.235	7.45444e-06
0.24	7.17395e-06
0.245	6.6006e-06
0.25	6.33015e-06
0.255	5.87808e-06
0.26	5.66239e-06
0.265	5.26848e-06
0.27	5.07685e-06
0.275	4.73784e-06
0.28	4.49197e-06
0.285	4.34478e-06
0.29	4.11385e-06
0.295	3.89877e-06
0.3	3.74102e-06
0.305	3.62404e-06
0.31	3.43351e-06
0.315	3.29893e-06
0.32	3.17373e-06
0.325	3.04732e-06
0.33	2.94265e-06
0.335	2.82357e-06
0.34	2.71554e-06
0.345	2.61502e-06
0.35	2.48677e-06
0.355	2.42165e-06
0.36	2.29798e-06
0.365	2.21271e-06
0.37	2.12631e-06
0.375	2.0399e-06
0.38	1.96831e-06
0.385	1.88482e-06
0.39	1.81761e-06
0.395	1.7591e-06
0.4	1.69711e-06
0.405	1.63544e-06
0.41	1.55448e-06
0.415	1.49764e-06
0.42	1.44398e-06
0.425	1.38898e-06
0.43	1.4033e-06
0.435	1.29899e-06
0.44	1.2391e-06
0.445	1.18775e-06
0.45	1.14311e-06
0.455	1.09433e-06
0.46	1.05006e-06
0.465	1.00897e-06
0.47	9.71011e-07
0.475	9.35502e-07
0.48	9.01834e-07
0.485	9.19123e-07
0.49	8.53055e-07
0.495	8.15195e-07
0.5	1.05396e-06
