0.005	7.73798e-06
0.01	7.81447e-06
0.015	9.27484e-06
0.02	6.31595e-06
0.025	9.50015e-06
0.03	7.64524e-06
0.035	9.54736e-06
0.04	7.49904e-06
0.045	9.79936e-06
0.05	7.86595e-06
0.055	6.3822e-06
0.06	8.51688e-06
0.065	7.0087e-06
0.07	9.50119e-06
0.075	7.90928e-06
0.08	6.60764e-06
0.085	9.0393e-06
0.09	7.58986e-06
0.095	6.37202e-06
0.1	8.74594e-06
0.105	7.35412e-06
0.11	6.16747e-06
0.115	8.50114e-06
0.12	7.15798e-06
0.125	9.91406e-06
0.13	8.37761e-06
0.135	7.04302e-06
0.14	9.84807e-06
0.145	8.44894e-06
0.15	7.06382e-06
0.155	6.01269e-06
0.16	8.46995e-06
0.165	7.22222e-06
0.17	6.22719e-06
0.175	8.85413e-06
0.18	7.7036e-06
0.185	6.74174e-06
0.19	9.75851e-06
0.195	8.85045e-06
0.2	7.71233e-06
0.205	6.94456e-06
0.21	6.24015e-06
0.215	9.359e-06
0.22	9.17195e-06
0.225	8.41797e-06
0.23	8.10963e-06
0.235	7.45444e-06
0.24	7.17395e-06
0.245	6.6006e-06
0.25	6.33015e-06
0.255	5.87808e-06
0.26	5.66239e-06
0.265	5.26848e-06
0.27	5.07685e-06
0.275	4.73784e-06
0.28	4.49197e-06
0.285	4.34478e-06
0.29	4.11385e-06
0.295	3.89877e-06
0.3	3.74102e-06
0.305	3.62404e-06
0.31	3.43351e-06
0.315	3.29893e-06
0.32	3.17373e-06
0.325	3.04732e-06
0.33	2.94265e-06
0.335	2.82357e-06
0.34	2.71554e-06
0.345	2.61502e-06
0.35	2.48677e-06
0.355	2.42165e-06
0.36	2.29798e-06
0.365	2.21271e-06
0.37	2.12631e-06
0.375	2.0399e-06
0.38	1.96831e-06
0.385	1.88482e-06
0.39	1.81761e-06
0.395	1.7591e-06
0.4	1.69711e-06
0.405	1.63544e-06
0.41	1.55448e-06
0.415	1.49764e-06
0.42	1.44398e-06
0.425	1.38898e-06
0.43	1.4033e-06
0.435	1.29899e-06
0.44	1.2391e-06
0.445	1.18775e-06
0.45	1.14311e-06
0.455	1.09433e-06
0.46	1.05006e-06
0.465	1.00897e-06
0.47	9.71011e-07
0.475	9.35502e-07
0.48	9.01834e-07
0.485	9.19123e-07
0.49	8.53055e-07
0.495	8.15195e-07
0.5	1.05396e-06
