0.005	19
0.01	23
0.015	17
0.02	15
0.025	13
0.03	13
0.035	12
0.04	12
0.045	11
0.05	11
0.055	11
0.06	10
0.065	10
0.07	9
0.075	9
0.08	9
0.085	8
0.09	8
0.095	8
0.1	7
0.105	7
0.11	7
0.115	6
0.12	6
0.125	5
0.13	5
0.135	5
0.14	4
0.145	4
0.15	4
0.155	4
0.16	3
0.165	3
0.17	3
0.175	2
0.18	2
0.185	2
0.19	1
0.195	1
0.2	1
0.205	1
0.21	1
0.215	0
0.22	0
0.225	0
0.23	0
0.235	0
0.24	0
0.245	0
0.25	0
0.255	0
0.26	0
0.265	0
0.27	0
0.275	0
0.28	0
0.285	0
0.29	0
0.295	0
0.3	0
0.305	0
0.31	0
0.315	0
0.32	0
0.325	0
0.33	0
0.335	0
0.34	0
0.345	0
0.35	0
0.355	0
0.36	0
0.365	0
0.37	0
0.375	0
0.38	0
0.385	0
0.39	0
0.395	0
0.4	0
0.405	0
0.41	0
0.415	0
0.42	0
0.425	0
0.43	0
0.435	0
0.44	0
0.445	0
0.45	0
0.455	0
0.46	0
0.465	0
0.47	0
0.475	0
0.48	0
0.485	0
0.49	0
0.495	0
0.5	0
