0.005	0
0.01	0.339556
0.015	0.163348
0.02	0.0606932
0.025	0.0369569
0.03	0.0305299
0.035	0.0266306
0.04	0.0234393
0.045	0.0205921
0.05	0.0180012
0.055	0.0158242
0.06	0.0138619
0.065	0.0121241
0.07	0.010575
0.075	0.00917613
0.08	0.00792478
0.085	0.00680933
0.09	0.00582318
0.095	0.00496072
0.1	0.00420326
0.105	0.00354056
0.11	0.00297051
0.115	0.00248037
0.12	0.00206243
0.125	0.00171199
0.13	0.00141258
0.135	0.00116783
0.14	0.000960085
0.145	0.00078373
0.15	0.00064923
0.155	0.000531688
0.16	0.000438307
0.165	0.000364522
0.17	0.00029703
0.175	0.000248337
0.18	0.000208622
0.185	0.000177245
0.19	0.0001503
0.195	0.000127608
0.2	0.000111883
0.205	9.58512e-05
0.21	8.31999e-05
0.215	7.35706e-05
0.22	6.39509e-05
0.225	5.80257e-05
0.23	5.21015e-05
0.235	4.77146e-05
0.24	4.32634e-05
0.245	3.99618e-05
0.25	3.70411e-05
0.255	3.39226e-05
0.26	3.11882e-05
0.265	2.89137e-05
0.27	2.65582e-05
0.275	2.54638e-05
0.28	2.3429e-05
0.285	2.13035e-05
0.29	2.017e-05
0.295	1.89992e-05
0.3	1.79227e-05
0.305	1.64242e-05
0.31	1.5885e-05
0.315	1.44903e-05
0.32	1.34872e-05
0.325	1.27845e-05
0.33	1.17476e-05
0.335	1.12322e-05
0.34	1.06207e-05
0.345	9.91992e-06
0.35	1.02647e-05
0.355	9.25767e-06
0.36	9.85875e-06
0.365	9.65398e-06
0.37	9.47196e-06
0.375	9.39328e-06
0.38	9.16138e-06
0.385	8.90967e-06
0.39	8.5631e-06
0.395	8.0661e-06
0.4	7.74158e-06
0.405	7.50399e-06
0.41	7.96649e-06
0.415	6.71095e-06
0.42	6.38416e-06
0.425	6.20444e-06
0.43	1.02483e-05
0.435	5.33532e-06
0.44	5.45322e-06
0.445	5.2428e-06
0.45	5.10762e-06
0.455	4.97836e-06
0.46	4.84709e-06
0.465	4.70346e-06
0.47	4.53583e-06
0.475	4.34278e-06
0.48	4.13505e-06
0.485	4.53939e-06
0.49	4.37225e-06
0.495	4.17466e-06
0.5	7.34139e-06
