0.005	0
0.01	6.70651e-06
0.015	8.04897e-06
0.02	8.75608e-06
0.025	9.47471e-06
0.03	8.80922e-06
0.035	7.97192e-06
0.04	7.20753e-06
0.045	6.44757e-06
0.05	9.41248e-06
0.055	8.4108e-06
0.06	7.46152e-06
0.065	6.54823e-06
0.07	9.43558e-06
0.075	8.18979e-06
0.08	7.06991e-06
0.085	6.07364e-06
0.09	8.55492e-06
0.095	7.27581e-06
0.1	6.16214e-06
0.105	8.56072e-06
0.11	7.19607e-06
0.115	9.92926e-06
0.12	8.29012e-06
0.125	6.92471e-06
0.13	9.45369e-06
0.135	7.89602e-06
0.14	6.57315e-06
0.145	8.88231e-06
0.15	7.48804e-06
0.155	6.22009e-06
0.16	8.50533e-06
0.165	7.12397e-06
0.17	9.60179e-06
0.175	8.07569e-06
0.18	6.74286e-06
0.185	9.3842e-06
0.19	7.88217e-06
0.195	6.64881e-06
0.2	9.47837e-06
0.205	8.13385e-06
0.21	7.01541e-06
0.215	6.15481e-06
0.22	8.7825e-06
0.225	7.86021e-06
0.23	7.14138e-06
0.235	6.41925e-06
0.24	9.63149e-06
0.245	8.83743e-06
0.25	8.21376e-06
0.255	7.46851e-06
0.26	6.90846e-06
0.265	6.34657e-06
0.27	9.61299e-06
0.275	9.22267e-06
0.28	8.48197e-06
0.285	7.6881e-06
0.29	7.27093e-06
0.295	6.82724e-06
0.3	6.51678e-06
0.305	9.74146e-06
0.31	9.46923e-06
0.315	8.70845e-06
0.32	8.1029e-06
0.325	7.66225e-06
0.33	7.04783e-06
0.335	6.7378e-06
0.34	6.38082e-06
0.345	9.91992e-06
0.35	6.15466e-06
0.355	9.25767e-06
0.36	9.85875e-06
0.365	9.65398e-06
0.37	9.47196e-06
0.375	9.39328e-06
0.38	9.16138e-06
0.385	8.90967e-06
0.39	8.5631e-06
0.395	8.0661e-06
0.4	7.74158e-06
0.405	7.50399e-06
0.41	7.96649e-06
0.415	6.71095e-06
0.42	6.38416e-06
0.425	6.20444e-06
0.43	6.23782e-06
0.435	5.33532e-06
0.44	5.45322e-06
0.445	5.2428e-06
0.45	5.10762e-06
0.455	4.97836e-06
0.46	4.84709e-06
0.465	4.70346e-06
0.47	4.53583e-06
0.475	4.34278e-06
0.48	4.13505e-06
0.485	4.53939e-06
0.49	4.37225e-06
0.495	4.17466e-06
0.5	7.34139e-06
