0.005	0
0.01	22
0.015	19
0.02	17
0.025	16
0.03	16
0.035	16
0.04	16
0.045	16
0.05	15
0.055	15
0.06	15
0.065	15
0.07	14
0.075	14
0.08	14
0.085	14
0.09	13
0.095	13
0.1	13
0.105	12
0.11	12
0.115	11
0.12	11
0.125	11
0.13	10
0.135	10
0.14	10
0.145	9
0.15	9
0.155	9
0.16	8
0.165	8
0.17	7
0.175	7
0.18	7
0.185	6
0.19	6
0.195	6
0.2	5
0.205	5
0.21	5
0.215	5
0.22	4
0.225	4
0.23	4
0.235	4
0.24	3
0.245	3
0.25	3
0.255	3
0.26	3
0.265	3
0.27	2
0.275	2
0.28	2
0.285	2
0.29	2
0.295	2
0.3	2
0.305	1
0.31	1
0.315	1
0.32	1
0.325	1
0.33	1
0.335	1
0.34	1
0.345	0
0.35	1
0.355	0
0.36	0
0.365	0
0.37	0
0.375	0
0.38	0
0.385	0
0.39	0
0.395	0
0.4	0
0.405	0
0.41	0
0.415	0
0.42	0
0.425	0
0.43	1
0.435	0
0.44	0
0.445	0
0.45	0
0.455	0
0.46	0
0.465	0
0.47	0
0.475	0
0.48	0
0.485	0
0.49	0
0.495	0
0.5	0
