/*--------------------------------*- C++ -*----------------------------------*\
| =========                 |                                                 |
| \\      /  F ield         | OpenFOAM: The Open Source CFD Toolbox           |
|  \\    /   O peration     | Version:  2406                                  |
|   \\  /    A nd           | Website:  www.openfoam.com                      |
|    \\/     M anipulation  |                                                 |
\*---------------------------------------------------------------------------*/
FoamFile
{
    version     2.0;
    format      ascii;
    arch        "LSB;label=32;scalar=64";
    note        "nPoints:4266  nCells:2037  nFaces:8243  nInternalFaces:3979";
    class       labelList;
    location    "constant/polyMesh";
    object      neighbour;
}
// * * * * * * * * * * * * * * * * * * * * * * * * * * * * * * * * * * * * * //


3979
(
1
36
2
37
3
38
4
39
5
40
6
41
7
42
8
43
9
44
10
45
11
46
12
47
13
48
14
49
15
50
16
51
17
52
18
53
19
54
20
55
21
56
22
57
23
58
24
59
25
60
26
61
27
62
28
63
29
64
30
65
31
66
32
67
33
68
34
69
35
70
71
37
72
38
73
39
74
40
75
41
76
42
77
43
78
44
79
45
80
46
81
47
82
48
83
49
84
50
85
51
86
52
87
53
88
54
89
55
90
56
91
57
92
58
93
59
94
60
95
61
96
62
97
63
98
64
99
65
100
66
101
67
102
68
103
69
104
70
105
71
106
107
73
108
74
109
75
110
76
111
77
112
78
113
79
114
80
115
81
116
82
117
83
118
84
119
85
120
86
121
87
122
88
123
89
124
90
125
91
126
92
127
93
128
94
129
95
130
96
131
97
132
98
133
99
134
100
135
101
136
102
137
103
138
104
139
105
140
106
141
107
142
143
109
144
110
145
111
146
112
147
113
148
114
149
115
150
116
151
117
152
118
153
119
154
120
155
121
156
122
157
123
158
124
159
125
160
126
161
127
162
128
163
129
164
130
165
131
166
132
167
133
168
134
169
135
170
136
171
137
172
138
173
139
174
140
175
141
176
142
177
143
178
179
145
180
146
181
147
182
148
183
149
184
150
185
151
186
152
187
153
188
154
189
155
190
156
191
157
192
158
193
159
194
160
195
161
196
162
197
163
198
164
199
165
200
166
201
167
202
168
203
169
204
170
205
171
206
172
207
173
208
174
209
175
210
176
211
177
212
178
213
179
214
215
181
216
182
217
183
218
184
219
185
220
186
221
187
222
188
223
189
224
190
225
191
226
192
227
193
228
194
229
195
230
196
231
197
232
198
233
199
234
200
235
201
236
202
237
203
238
204
239
205
240
206
241
207
242
208
243
209
244
210
245
211
246
212
247
213
248
214
249
215
250
251
217
252
218
253
219
254
220
255
221
256
222
257
223
258
224
259
225
260
226
261
227
262
228
263
229
264
230
265
231
266
232
267
233
268
234
269
235
270
236
271
237
272
238
273
239
274
240
275
241
276
242
277
243
278
244
279
245
280
246
281
247
282
248
283
249
284
250
285
251
286
287
253
288
254
289
255
290
256
291
257
292
258
293
259
294
260
295
261
296
262
297
263
298
264
299
265
300
266
301
267
302
268
303
269
304
270
305
271
306
272
307
273
308
274
309
275
310
276
311
277
312
278
313
279
314
280
315
281
316
282
317
283
318
284
319
285
320
286
321
287
322
323
289
324
290
325
291
326
292
327
293
328
294
329
295
330
296
331
297
332
298
333
299
334
300
335
301
336
302
337
303
338
304
339
305
340
306
341
307
342
308
343
309
344
310
345
311
346
312
347
313
348
314
349
315
350
316
351
317
352
318
353
319
354
320
355
321
356
322
357
323
358
359
325
360
326
361
327
362
328
363
329
364
330
365
331
366
332
367
333
368
334
369
335
370
336
371
337
372
338
373
339
374
340
375
341
376
342
377
343
378
344
379
345
380
346
381
347
382
348
383
349
384
350
385
351
386
352
387
353
388
354
389
355
390
356
391
357
392
358
393
359
394
395
361
396
362
397
363
398
364
399
365
400
366
401
367
402
368
403
369
404
370
405
371
406
372
407
373
408
374
409
375
410
376
411
377
412
378
413
379
414
380
415
381
416
382
417
383
418
384
419
385
420
386
421
387
422
388
423
389
424
390
425
391
426
392
427
393
428
394
429
395
430
431
397
432
398
433
399
434
400
435
401
436
402
437
403
438
404
439
405
440
406
441
407
442
408
443
409
444
410
445
411
446
412
447
413
448
414
449
415
450
416
451
417
452
418
453
419
454
420
455
421
456
422
457
423
458
424
459
425
460
426
461
427
462
428
463
429
464
430
465
431
466
467
433
468
434
469
435
470
436
471
437
472
438
473
439
474
440
475
441
476
442
477
443
478
444
479
445
480
446
481
447
482
448
483
449
484
450
485
451
486
452
487
453
488
454
489
455
490
456
491
457
492
458
493
459
494
460
495
461
496
462
497
463
498
464
499
465
500
466
501
467
502
503
469
504
470
505
471
506
472
507
473
508
474
509
475
510
476
511
477
512
478
513
479
514
480
515
481
516
482
517
483
518
484
519
485
520
486
521
487
522
488
523
489
524
490
525
491
526
492
527
493
528
494
529
495
530
496
531
497
532
498
533
499
534
500
535
501
536
502
537
503
538
539
505
540
506
541
507
542
508
543
509
544
510
545
511
546
512
547
513
548
514
549
515
550
516
551
517
552
518
553
519
554
520
555
521
556
522
557
523
558
524
559
525
560
526
561
527
562
528
563
529
564
530
565
531
566
532
567
533
568
534
569
535
570
536
571
537
572
538
573
539
574
575
541
576
542
577
543
578
544
579
545
580
546
581
547
582
548
583
549
584
550
585
551
586
552
587
553
588
554
589
555
590
556
591
557
592
558
593
559
594
560
595
561
596
562
597
563
598
564
599
565
600
566
601
567
602
568
603
569
604
570
605
571
606
572
607
573
608
574
609
575
610
611
577
612
578
613
579
614
580
615
581
616
582
617
583
618
584
619
585
620
586
621
587
622
588
623
589
624
590
625
591
626
592
627
593
628
594
629
595
630
596
631
597
632
598
633
599
634
600
635
601
636
602
637
603
638
604
639
605
640
606
641
607
642
608
643
609
644
610
645
611
646
647
613
648
614
649
615
650
616
651
617
652
618
653
619
654
620
655
621
656
622
657
623
658
624
659
625
660
626
661
627
662
628
663
629
664
630
665
631
666
632
667
633
668
634
669
635
670
636
671
637
672
638
673
639
674
640
675
641
676
642
677
643
678
644
679
645
680
646
681
647
682
683
649
684
650
685
651
686
652
687
653
688
654
689
655
690
656
691
657
692
658
693
659
694
660
695
661
696
662
697
663
698
664
699
665
700
666
701
667
702
668
703
669
704
670
705
671
706
672
707
673
708
674
709
675
710
676
711
677
712
678
713
679
714
680
715
681
716
682
717
683
718
719
685
720
686
721
687
722
688
723
689
724
690
725
691
726
692
727
693
728
694
729
695
730
696
731
697
732
698
733
699
734
700
735
701
736
702
737
703
738
704
739
705
740
706
741
707
742
708
743
709
744
710
745
711
746
712
747
713
748
714
749
715
750
716
751
717
752
718
753
719
754
755
721
756
722
757
723
758
724
759
725
760
726
761
727
762
728
763
729
764
730
765
731
766
732
767
733
768
734
769
735
770
736
771
737
772
738
773
739
774
740
775
741
776
742
777
743
778
744
779
745
780
746
781
747
782
748
783
749
784
750
785
751
786
752
787
753
788
754
789
755
790
791
757
792
758
793
759
794
760
795
761
796
762
797
763
798
764
799
765
800
766
801
767
802
768
803
769
804
770
805
771
806
772
807
773
808
774
809
775
810
776
811
777
812
778
813
779
814
780
815
781
816
782
817
783
818
784
819
785
820
786
821
787
822
788
823
789
824
790
825
791
826
827
793
828
794
829
795
830
796
831
797
832
798
833
799
834
800
835
801
836
802
837
803
838
804
839
805
840
806
841
807
842
808
843
809
844
810
845
811
846
812
847
813
848
814
849
815
850
816
851
817
852
818
853
819
854
820
855
821
856
822
857
823
858
824
859
825
860
826
861
827
862
863
829
864
830
865
831
866
832
867
833
868
834
869
835
870
836
871
837
872
838
873
839
874
840
875
841
876
842
877
843
878
844
879
845
880
846
881
847
882
848
883
849
884
850
885
851
886
852
887
853
888
854
889
855
890
856
891
857
892
858
893
859
894
860
895
861
896
862
897
863
898
899
865
900
866
901
867
902
868
903
869
904
870
905
871
906
872
907
873
908
874
909
875
910
876
911
877
912
878
913
879
914
880
915
881
916
882
917
883
918
884
919
885
920
886
921
887
922
888
923
889
924
890
925
891
926
892
927
893
928
894
929
895
930
896
931
897
932
898
933
899
934
935
901
936
902
937
903
938
904
939
905
940
906
941
907
942
908
943
909
944
910
945
911
946
912
947
913
948
914
949
915
950
916
951
917
952
918
953
919
954
920
955
921
956
922
957
923
958
924
959
925
960
926
961
927
962
928
963
929
964
930
965
931
966
932
967
933
968
934
969
935
970
971
937
972
938
973
939
974
940
975
941
976
942
977
943
978
944
979
945
980
946
981
947
982
948
983
949
984
950
985
951
986
952
987
953
988
954
989
955
990
956
991
957
992
958
993
959
994
960
995
961
996
962
997
963
998
964
999
965
1000
966
1001
967
1002
968
1003
969
1004
970
1005
971
1006
1007
973
1008
974
1009
975
1010
976
1011
977
1012
978
1013
979
1014
980
1015
981
1016
982
1017
983
1018
984
1019
985
1020
986
1021
987
1022
988
1023
989
1024
990
1025
991
1026
992
1027
993
1028
994
1029
995
1030
996
1031
997
1032
998
1033
999
1034
1000
1035
1001
1036
1002
1037
1003
1038
1004
1039
1005
1040
1006
1041
1007
1042
1009
1043
1010
1044
1011
1045
1012
1046
1013
1047
1014
1048
1015
1049
1016
1050
1017
1051
1018
1052
1019
1053
1020
1054
1021
1055
1022
1056
1023
1057
1024
1058
1025
1059
1026
1060
1027
1061
1028
1062
1029
1063
1030
1064
1031
1065
1032
1066
1033
1067
1034
1068
1035
1069
1036
1070
1037
1071
1038
1072
1039
1073
1040
1074
1041
1075
1042
1076
1077
1044
1078
1045
1079
1046
1080
1047
1081
1048
1082
1049
1083
1050
1084
1051
1085
1052
1086
1053
1087
1054
1088
1055
1089
1056
1090
1057
1091
1058
1092
1059
1093
1060
1094
1061
1095
1062
1096
1063
1097
1064
1098
1065
1099
1066
1100
1067
1101
1068
1102
1069
1103
1070
1104
1071
1105
1072
1106
1073
1107
1074
1108
1075
1109
1076
1110
1077
1111
1112
1079
1113
1080
1114
1081
1115
1082
1116
1083
1117
1084
1118
1085
1119
1086
1120
1087
1121
1088
1122
1089
1123
1090
1124
1091
1125
1092
1126
1093
1127
1094
1128
1095
1129
1096
1130
1097
1131
1098
1132
1099
1133
1100
1134
1101
1135
1102
1136
1103
1137
1104
1138
1105
1139
1106
1140
1107
1141
1108
1142
1109
1143
1110
1144
1111
1145
1112
1146
1147
1114
1148
1115
1149
1116
1150
1117
1151
1118
1152
1119
1153
1120
1154
1121
1155
1122
1156
1123
1157
1124
1158
1125
1159
1126
1160
1127
1161
1128
1162
1129
1163
1130
1164
1131
1165
1132
1166
1133
1167
1134
1168
1135
1169
1136
1170
1137
1171
1138
1172
1139
1173
1140
1174
1141
1175
1142
1176
1143
1177
1144
1178
1145
1179
1146
1180
1147
1181
1182
1149
1183
1150
1184
1151
1185
1152
1186
1153
1187
1154
1188
1155
1189
1156
1190
1157
1191
1158
1192
1159
1193
1160
1194
1161
1195
1162
1196
1163
1197
1164
1198
1165
1199
1166
1200
1167
1201
1168
1202
1169
1203
1170
1204
1171
1205
1172
1206
1173
1207
1174
1208
1175
1209
1176
1210
1177
1211
1178
1212
1179
1213
1180
1214
1181
1215
1182
1216
1217
1184
1218
1185
1219
1186
1220
1187
1221
1188
1222
1189
1223
1190
1224
1191
1225
1192
1226
1193
1227
1194
1228
1195
1229
1196
1230
1197
1231
1198
1232
1199
1233
1200
1234
1201
1235
1202
1236
1203
1237
1204
1238
1205
1239
1206
1240
1207
1241
1208
1242
1209
1243
1210
1244
1211
1245
1212
1246
1213
1247
1214
1248
1215
1249
1216
1250
1217
1251
1252
1219
1253
1220
1254
1221
1255
1222
1256
1223
1257
1224
1258
1225
1259
1226
1260
1227
1261
1228
1262
1229
1263
1230
1264
1231
1265
1232
1266
1233
1267
1234
1268
1235
1269
1236
1270
1237
1271
1238
1272
1239
1273
1240
1274
1241
1275
1242
1276
1243
1277
1244
1278
1245
1279
1246
1280
1247
1281
1248
1282
1249
1283
1250
1284
1251
1285
1252
1286
1287
1254
1288
1255
1289
1256
1290
1257
1291
1258
1292
1259
1293
1260
1294
1261
1295
1262
1296
1263
1297
1264
1298
1265
1299
1266
1300
1267
1301
1268
1302
1269
1303
1270
1304
1271
1305
1272
1306
1273
1307
1274
1308
1275
1309
1276
1310
1277
1311
1278
1312
1279
1313
1280
1314
1281
1315
1282
1316
1283
1317
1284
1318
1285
1319
1286
1320
1287
1321
1322
1289
1323
1290
1324
1291
1325
1292
1326
1293
1327
1294
1328
1295
1329
1296
1330
1297
1331
1298
1332
1299
1333
1300
1334
1301
1335
1302
1336
1303
1337
1304
1338
1305
1339
1306
1340
1307
1341
1308
1342
1309
1343
1310
1344
1311
1345
1312
1346
1313
1347
1314
1348
1315
1349
1316
1350
1317
1351
1318
1352
1319
1353
1320
1354
1321
1355
1322
1356
1357
1324
1358
1325
1359
1326
1360
1327
1361
1328
1362
1329
1363
1330
1364
1331
1365
1332
1366
1333
1367
1334
1368
1335
1369
1336
1370
1337
1371
1338
1372
1339
1373
1340
1374
1341
1375
1342
1376
1343
1377
1344
1378
1345
1379
1346
1380
1347
1381
1348
1382
1349
1383
1350
1384
1351
1385
1352
1386
1353
1387
1354
1388
1355
1389
1356
1390
1357
1391
1392
1359
1393
1360
1394
1361
1395
1362
1396
1363
1397
1364
1398
1365
1399
1366
1400
1367
1401
1368
1402
1369
1403
1370
1404
1371
1405
1372
1406
1373
1407
1374
1408
1375
1409
1376
1410
1377
1411
1378
1412
1379
1413
1380
1414
1381
1415
1382
1416
1383
1417
1384
1418
1385
1419
1386
1420
1387
1421
1388
1422
1389
1423
1390
1424
1391
1425
1392
1426
1427
1394
1428
1395
1429
1396
1430
1397
1431
1398
1432
1399
1433
1400
1434
1401
1435
1402
1436
1403
1437
1404
1438
1405
1439
1406
1440
1407
1441
1408
1442
1409
1443
1410
1444
1411
1445
1412
1446
1413
1447
1414
1448
1415
1449
1416
1450
1417
1451
1418
1452
1419
1453
1420
1454
1421
1455
1422
1456
1423
1457
1424
1458
1425
1459
1426
1460
1427
1461
1462
1429
1463
1430
1464
1431
1465
1432
1466
1433
1467
1434
1468
1435
1469
1436
1470
1437
1471
1438
1472
1439
1473
1440
1474
1441
1475
1442
1476
1443
1477
1444
1478
1445
1479
1446
1480
1447
1481
1448
1482
1449
1483
1450
1484
1451
1485
1452
1486
1453
1487
1454
1488
1455
1489
1456
1490
1457
1491
1458
1492
1459
1493
1460
1494
1461
1495
1462
1496
1497
1464
1498
1465
1499
1466
1500
1467
1501
1468
1502
1469
1503
1470
1504
1471
1505
1472
1506
1473
1507
1474
1508
1475
1509
1476
1510
1477
1511
1478
1512
1479
1513
1480
1514
1481
1515
1482
1516
1483
1517
1484
1518
1485
1519
1486
1520
1487
1521
1488
1522
1489
1523
1490
1524
1491
1525
1492
1526
1493
1527
1494
1528
1495
1529
1496
1530
1497
1531
1532
1499
1533
1500
1534
1501
1535
1502
1536
1503
1537
1504
1538
1505
1539
1506
1540
1507
1541
1508
1542
1509
1543
1510
1544
1511
1545
1512
1546
1513
1547
1514
1548
1515
1549
1516
1550
1517
1551
1518
1552
1519
1553
1520
1554
1521
1555
1522
1556
1523
1557
1524
1558
1525
1559
1526
1560
1527
1561
1528
1562
1529
1563
1530
1564
1531
1565
1532
1566
1567
1534
1568
1535
1569
1536
1570
1537
1571
1538
1572
1539
1573
1540
1574
1541
1575
1542
1576
1543
1577
1544
1578
1545
1579
1546
1580
1547
1581
1548
1582
1549
1583
1550
1584
1551
1585
1552
1586
1553
1587
1554
1588
1555
1589
1556
1590
1557
1591
1558
1592
1559
1593
1560
1594
1561
1595
1562
1596
1563
1597
1564
1598
1565
1599
1566
1600
1567
1601
1602
1569
1603
1570
1604
1571
1605
1572
1606
1573
1607
1574
1608
1575
1609
1576
1610
1577
1611
1578
1612
1579
1613
1580
1614
1581
1615
1582
1616
1583
1617
1584
1618
1585
1619
1586
1620
1587
1621
1588
1622
1589
1623
1590
1624
1591
1625
1592
1626
1593
1627
1594
1628
1595
1629
1596
1630
1597
1631
1598
1632
1599
1633
1600
1634
1601
1635
1602
1636
1637
1604
1638
1605
1639
1606
1640
1607
1641
1608
1642
1609
1643
1610
1644
1611
1645
1612
1646
1613
1647
1614
1648
1615
1649
1616
1650
1617
1651
1618
1652
1619
1653
1620
1654
1621
1655
1622
1656
1623
1657
1624
1658
1625
1659
1626
1660
1627
1661
1628
1662
1629
1663
1630
1664
1631
1665
1632
1666
1633
1667
1634
1668
1635
1669
1636
1670
1637
1671
1672
1639
1673
1640
1674
1641
1675
1642
1676
1643
1677
1644
1678
1645
1679
1646
1680
1647
1681
1648
1682
1649
1683
1650
1684
1651
1685
1652
1686
1653
1687
1654
1688
1655
1689
1656
1690
1657
1691
1658
1692
1659
1693
1660
1694
1661
1695
1662
1696
1663
1697
1664
1698
1665
1699
1666
1700
1667
1701
1668
1702
1669
1703
1670
1704
1671
1705
1672
1706
1707
1674
1708
1675
1709
1676
1710
1677
1711
1678
1712
1679
1713
1680
1714
1681
1715
1682
1716
1683
1717
1684
1718
1685
1719
1686
1720
1687
1721
1688
1722
1689
1723
1690
1724
1691
1725
1692
1726
1693
1727
1694
1728
1695
1729
1696
1730
1697
1731
1698
1732
1699
1733
1700
1734
1701
1735
1702
1736
1703
1737
1704
1738
1705
1739
1706
1740
1707
1741
1742
1709
1743
1710
1744
1711
1745
1712
1746
1713
1747
1714
1748
1715
1749
1716
1750
1717
1751
1718
1752
1719
1753
1720
1754
1721
1755
1722
1756
1723
1757
1724
1758
1725
1759
1726
1760
1727
1761
1728
1762
1729
1763
1730
1764
1731
1765
1732
1766
1733
1767
1734
1768
1735
1769
1736
1770
1737
1771
1738
1772
1739
1773
1740
1774
1741
1775
1742
1776
1777
1744
1780
1745
1781
1746
1782
1747
1783
1748
1784
1749
1785
1750
1786
1751
1787
1752
1788
1753
1789
1754
1790
1755
1791
1756
1792
1757
1793
1758
1794
1759
1795
1760
1796
1761
1797
1762
1798
1763
1799
1764
1800
1765
1801
1766
1802
1767
1803
1768
1804
1769
1805
1770
1806
1771
1807
1772
1808
1773
1809
1774
1810
1775
1811
1776
1812
1777
1813
1814
1779
1815
1780
1816
1781
1817
1782
1818
1783
1819
1784
1820
1785
1821
1786
1822
1787
1823
1788
1824
1789
1825
1790
1826
1791
1827
1792
1828
1793
1829
1794
1830
1795
1831
1796
1832
1797
1833
1798
1834
1799
1835
1800
1836
1801
1837
1802
1838
1803
1839
1804
1840
1805
1841
1806
1842
1807
1843
1808
1844
1809
1845
1810
1846
1811
1847
1812
1848
1813
1849
1814
1850
1851
1816
1852
1817
1853
1818
1854
1819
1855
1820
1856
1821
1857
1822
1858
1823
1859
1824
1860
1825
1861
1826
1862
1827
1863
1828
1864
1829
1865
1830
1866
1831
1867
1832
1868
1833
1869
1834
1870
1835
1871
1836
1872
1837
1873
1838
1874
1839
1875
1840
1876
1841
1877
1842
1878
1843
1879
1844
1880
1845
1881
1846
1882
1847
1883
1848
1884
1849
1885
1850
1886
1851
1887
1888
1853
1889
1854
1890
1855
1891
1856
1892
1857
1893
1858
1894
1859
1895
1860
1896
1861
1897
1862
1898
1863
1899
1864
1900
1865
1901
1866
1902
1867
1903
1868
1904
1869
1905
1870
1906
1871
1907
1872
1908
1873
1909
1874
1910
1875
1911
1876
1912
1877
1913
1878
1914
1879
1915
1880
1916
1881
1917
1882
1918
1883
1919
1884
1920
1885
1921
1886
1922
1887
1923
1888
1924
1925
1890
1926
1891
1927
1892
1928
1893
1929
1894
1930
1895
1931
1896
1932
1897
1933
1898
1934
1899
1935
1900
1936
1901
1937
1902
1938
1903
1939
1904
1940
1905
1941
1906
1942
1907
1943
1908
1944
1909
1945
1910
1946
1911
1947
1912
1948
1913
1949
1914
1950
1915
1951
1916
1952
1917
1953
1918
1954
1919
1955
1920
1956
1921
1957
1922
1958
1923
1959
1924
1960
1925
1961
1962
1927
1963
1928
1964
1929
1965
1930
1966
1931
1967
1932
1968
1933
1969
1934
1970
1935
1971
1936
1972
1937
1973
1938
1974
1939
1975
1940
1976
1941
1977
1942
1978
1943
1979
1944
1980
1945
1981
1946
1982
1947
1983
1948
1984
1949
1985
1950
1986
1951
1987
1952
1988
1953
1989
1954
1990
1955
1991
1956
1992
1957
1993
1958
1994
1959
1995
1960
1996
1961
1997
1962
1998
1999
1964
2000
1965
2001
1966
2002
1967
2003
1968
2004
1969
2005
1970
2006
1971
2007
1972
2008
1973
2009
1974
2010
1975
2011
1976
2012
1977
2013
1978
2014
1979
2015
1980
2016
1981
2017
1982
2018
1983
2019
1984
2020
1985
2021
1986
2022
1987
2023
1988
2024
1989
2025
1990
2026
1991
2027
1992
2028
1993
2029
1994
2030
1995
2031
1996
2032
1997
2033
1998
2034
1999
2035
2036
2001
2002
2003
2004
2005
2006
2007
2008
2009
2010
2011
2012
2013
2014
2015
2016
2017
2018
2019
2020
2021
2022
2023
2024
2025
2026
2027
2028
2029
2030
2031
2032
2033
2034
2035
2036
)


// ************************************************************************* //
